	African_American_Afro_Caribbean	American	Central_South_Asian	East_Asian	European	Latino	Near_Eastern	Oceanian	Sub_Saharan_African	Global
2789+5G->A/2789+5G->A	0.9625572099999999	1e-12	0.98783721	1.0	0.998001	0.99720196	1e-12	1e-12	1e-12	0.5495108200004445
2789+5G->A/3272-26A->G	1.9251144199999999	2e-12	1.97567442	2.0	1.996002	1.99440392	2e-12	2e-12	2e-12	1.099021640000889
2789+5G->A/3849+10kbC->T	1.9251144199999999	2e-12	1.97567442	2.0	1.996002	1.99440392	2e-12	2e-12	2e-12	1.099021640000889
2789+5G->A/711+3A->G	1.9251144199999999	2e-12	1.97567442	2.0	1.996002	1.99440392	2e-12	2e-12	2e-12	1.099021640000889
2789+5G->A/A1067T	1.9251144199999999	2e-12	1.97567442	2.0	1.996002	1.99440392	2e-12	2e-12	2e-12	1.099021640000889
2789+5G->A/A455E	1.9251144199999999	2e-12	1.97567442	2.0	1.996002	1.99440392	2e-12	2e-12	2e-12	1.099021640000889
2789+5G->A/D110E	1.9251144199999999	2e-12	1.97567442	2.0	1.996002	1.99440392	2e-12	2e-12	2e-12	1.099021640000889
2789+5G->A/D110H	1.9251144199999999	2e-12	1.97567442	2.0	1.996002	1.99440392	2e-12	2e-12	2e-12	1.099021640000889
2789+5G->A/D1152H	1.9251144199999999	2e-12	1.97567442	2.0	1.996002	1.99440392	2e-12	2e-12	2e-12	1.099021640000889
2789+5G->A/D1270N	0.03571204	2e-12	1.97567442	2.0	0.001998	0.0027960800000000003	2e-12	2e-12	2e-12	0.44624228222311124
2789+5G->A/D579G	1.9251144199999999	2e-12	1.97567442	2.0	1.996002	1.99440392	2e-12	2e-12	2e-12	1.099021640000889
2789+5G->A/E193K	1.9251144199999999	2e-12	1.97567442	2.0	1.996002	1.99440392	2e-12	2e-12	2e-12	1.099021640000889
2789+5G->A/E56K	1.9251144199999999	2e-12	1.97567442	2.0	1.996002	1.99440392	2e-12	2e-12	2e-12	1.099021640000889
2789+5G->A/E831X	1.9251144199999999	2e-12	1.97567442	2.0	1.996002	1.99440392	2e-12	2e-12	2e-12	1.099021640000889
2789+5G->A/F1052V	1.9251144199999999	2e-12	1.97567442	2.0	1.996002	1.99440392	2e-12	2e-12	2e-12	1.099021640000889
2789+5G->A/F1074L	1.9251144199999999	2e-12	1.97567442	2.0	0.001998	1.99440392	2e-12	2e-12	2e-12	0.877465640000889
2789+5G->A/G1069R	1.9251144199999999	2e-12	0.0019878	2.0	0.001998	1.99440392	2e-12	2e-12	2e-12	0.6581671266675556
2789+5G->A/G1244E	1.9251144199999999	2e-12	1.97567442	2.0	1.996002	1.99440392	2e-12	2e-12	2e-12	1.099021640000889
2789+5G->A/G1349D	1.9251144199999999	2e-12	1.97567442	2.0	1.996002	1.99440392	2e-12	2e-12	2e-12	1.099021640000889
2789+5G->A/G178R	1.9251144199999999	2e-12	1.97567442	2.0	1.996002	1.99440392	2e-12	2e-12	2e-12	1.099021640000889
2789+5G->A/G551D	1.9251144199999999	2e-12	1.97567442	2.0	1.996002	1.99440392	2e-12	2e-12	2e-12	1.099021640000889
2789+5G->A/G551S	1.9251144199999999	2e-12	1.97567442	2.0	1.996002	1.99440392	2e-12	2e-12	2e-12	1.099021640000889
2789+5G->A/K1060T	1.9251144199999999	2e-12	1.97567442	2.0	1.996002	1.99440392	2e-12	2e-12	2e-12	1.099021640000889
2789+5G->A/L206W	1.9251144199999999	2e-12	1.97567442	2.0	1.996002	1.99440392	2e-12	2e-12	2e-12	1.099021640000889
2789+5G->A/P67L	1.9251144199999999	2e-12	1.97567442	2.0	1.996002	1.99440392	2e-12	2e-12	2e-12	1.099021640000889
2789+5G->A/R1070Q	1.9251144199999999	2e-12	0.01212558	2.0	1.996002	1.99440392	2e-12	2e-12	2e-12	0.8808495466675557
2789+5G->A/R1070W	0.0015697600000000001	2e-12	1.97567442	2.0	1.996002	1.99440392	2e-12	2e-12	2e-12	0.8852944555564445
2789+5G->A/R117C	1.9251144199999999	2e-12	1.97567442	2.0	1.996002	1.99440392	2e-12	2e-12	2e-12	1.099021640000889
2789+5G->A/R117H	1.9251144199999999	2e-12	1.97567442	2.0	1.996002	1.99440392	2e-12	2e-12	2e-12	1.099021640000889
2789+5G->A/R347H	1.9251144199999999	2e-12	1.97567442	2.0	1.996002	1.99440392	2e-12	2e-12	2e-12	1.099021640000889
2789+5G->A/R352Q	1.9251144199999999	2e-12	1.97567442	2.0	1.996002	1.99440392	2e-12	2e-12	2e-12	1.099021640000889
2789+5G->A/R74W	0.03708558	2e-12	1.97567442	2.0	0.001998	0.0027960800000000003	2e-12	2e-12	2e-12	0.44639489777866687
2789+5G->A/S1251N	1.9251144199999999	2e-12	1.97567442	2.0	1.996002	1.99440392	2e-12	2e-12	2e-12	1.099021640000889
2789+5G->A/S1255P	1.9251144199999999	2e-12	1.97567442	2.0	1.996002	1.99440392	2e-12	2e-12	2e-12	1.099021640000889
2789+5G->A/S549N	1.9251144199999999	2e-12	0.0019878	2.0	1.996002	1.99440392	2e-12	2e-12	2e-12	0.8797231266675556
2789+5G->A/S549R(A>C)	1.9251144199999999	2e-12	1.97567442	2.0	1.996002	1.99440392	2e-12	2e-12	2e-12	1.099021640000889
2789+5G->A/S549R(T>G)	1.9251144199999999	2e-12	1.97567442	2.0	1.996002	1.99440392	2e-12	2e-12	2e-12	1.099021640000889
2789+5G->A/S945L	1.9251144199999999	2e-12	1.97567442	2.0	1.996002	1.99440392	2e-12	2e-12	2e-12	1.099021640000889
2789+5G->A/S977F	1.9251144199999999	2e-12	1.97567442	2.0	1.996002	1.99440392	2e-12	2e-12	2e-12	1.099021640000889
2789+5G->A/ivacaftor non-responsive CFTR sequence	1.9251144199999999	2e-12	1.97567442	2.0	1.996002	1.99440392	2e-12	2e-12	2e-12	1.099021640000889
3272-26A->G/3272-26A->G	0.9625572099999999	1e-12	0.98783721	1.0	0.998001	0.99720196	1e-12	1e-12	1e-12	0.5495108200004445
3272-26A->G/3849+10kbC->T	1.9251144199999999	2e-12	1.97567442	2.0	1.996002	1.99440392	2e-12	2e-12	2e-12	1.099021640000889
3272-26A->G/711+3A->G	1.9251144199999999	2e-12	1.97567442	2.0	1.996002	1.99440392	2e-12	2e-12	2e-12	1.099021640000889
3272-26A->G/A1067T	1.9251144199999999	2e-12	1.97567442	2.0	1.996002	1.99440392	2e-12	2e-12	2e-12	1.099021640000889
3272-26A->G/A455E	1.9251144199999999	2e-12	1.97567442	2.0	1.996002	1.99440392	2e-12	2e-12	2e-12	1.099021640000889
3272-26A->G/D110E	1.9251144199999999	2e-12	1.97567442	2.0	1.996002	1.99440392	2e-12	2e-12	2e-12	1.099021640000889
3272-26A->G/D110H	1.9251144199999999	2e-12	1.97567442	2.0	1.996002	1.99440392	2e-12	2e-12	2e-12	1.099021640000889
3272-26A->G/D1152H	1.9251144199999999	2e-12	1.97567442	2.0	1.996002	1.99440392	2e-12	2e-12	2e-12	1.099021640000889
3272-26A->G/D1270N	0.03571204	2e-12	1.97567442	2.0	0.001998	0.0027960800000000003	2e-12	2e-12	2e-12	0.44624228222311124
3272-26A->G/D579G	1.9251144199999999	2e-12	1.97567442	2.0	1.996002	1.99440392	2e-12	2e-12	2e-12	1.099021640000889
3272-26A->G/E193K	1.9251144199999999	2e-12	1.97567442	2.0	1.996002	1.99440392	2e-12	2e-12	2e-12	1.099021640000889
3272-26A->G/E56K	1.9251144199999999	2e-12	1.97567442	2.0	1.996002	1.99440392	2e-12	2e-12	2e-12	1.099021640000889
3272-26A->G/E831X	1.9251144199999999	2e-12	1.97567442	2.0	1.996002	1.99440392	2e-12	2e-12	2e-12	1.099021640000889
3272-26A->G/F1052V	1.9251144199999999	2e-12	1.97567442	2.0	1.996002	1.99440392	2e-12	2e-12	2e-12	1.099021640000889
3272-26A->G/F1074L	1.9251144199999999	2e-12	1.97567442	2.0	0.001998	1.99440392	2e-12	2e-12	2e-12	0.877465640000889
3272-26A->G/G1069R	1.9251144199999999	2e-12	0.0019878	2.0	0.001998	1.99440392	2e-12	2e-12	2e-12	0.6581671266675556
3272-26A->G/G1244E	1.9251144199999999	2e-12	1.97567442	2.0	1.996002	1.99440392	2e-12	2e-12	2e-12	1.099021640000889
3272-26A->G/G1349D	1.9251144199999999	2e-12	1.97567442	2.0	1.996002	1.99440392	2e-12	2e-12	2e-12	1.099021640000889
3272-26A->G/G178R	1.9251144199999999	2e-12	1.97567442	2.0	1.996002	1.99440392	2e-12	2e-12	2e-12	1.099021640000889
3272-26A->G/G551D	1.9251144199999999	2e-12	1.97567442	2.0	1.996002	1.99440392	2e-12	2e-12	2e-12	1.099021640000889
3272-26A->G/G551S	1.9251144199999999	2e-12	1.97567442	2.0	1.996002	1.99440392	2e-12	2e-12	2e-12	1.099021640000889
3272-26A->G/K1060T	1.9251144199999999	2e-12	1.97567442	2.0	1.996002	1.99440392	2e-12	2e-12	2e-12	1.099021640000889
3272-26A->G/L206W	1.9251144199999999	2e-12	1.97567442	2.0	1.996002	1.99440392	2e-12	2e-12	2e-12	1.099021640000889
3272-26A->G/P67L	1.9251144199999999	2e-12	1.97567442	2.0	1.996002	1.99440392	2e-12	2e-12	2e-12	1.099021640000889
3272-26A->G/R1070Q	1.9251144199999999	2e-12	0.01212558	2.0	1.996002	1.99440392	2e-12	2e-12	2e-12	0.8808495466675557
3272-26A->G/R1070W	0.0015697600000000001	2e-12	1.97567442	2.0	1.996002	1.99440392	2e-12	2e-12	2e-12	0.8852944555564445
3272-26A->G/R117C	1.9251144199999999	2e-12	1.97567442	2.0	1.996002	1.99440392	2e-12	2e-12	2e-12	1.099021640000889
3272-26A->G/R117H	1.9251144199999999	2e-12	1.97567442	2.0	1.996002	1.99440392	2e-12	2e-12	2e-12	1.099021640000889
3272-26A->G/R347H	1.9251144199999999	2e-12	1.97567442	2.0	1.996002	1.99440392	2e-12	2e-12	2e-12	1.099021640000889
3272-26A->G/R352Q	1.9251144199999999	2e-12	1.97567442	2.0	1.996002	1.99440392	2e-12	2e-12	2e-12	1.099021640000889
3272-26A->G/R74W	0.03708558	2e-12	1.97567442	2.0	0.001998	0.0027960800000000003	2e-12	2e-12	2e-12	0.44639489777866687
3272-26A->G/S1251N	1.9251144199999999	2e-12	1.97567442	2.0	1.996002	1.99440392	2e-12	2e-12	2e-12	1.099021640000889
3272-26A->G/S1255P	1.9251144199999999	2e-12	1.97567442	2.0	1.996002	1.99440392	2e-12	2e-12	2e-12	1.099021640000889
3272-26A->G/S549N	1.9251144199999999	2e-12	0.0019878	2.0	1.996002	1.99440392	2e-12	2e-12	2e-12	0.8797231266675556
3272-26A->G/S549R(A>C)	1.9251144199999999	2e-12	1.97567442	2.0	1.996002	1.99440392	2e-12	2e-12	2e-12	1.099021640000889
3272-26A->G/S549R(T>G)	1.9251144199999999	2e-12	1.97567442	2.0	1.996002	1.99440392	2e-12	2e-12	2e-12	1.099021640000889
3272-26A->G/S945L	1.9251144199999999	2e-12	1.97567442	2.0	1.996002	1.99440392	2e-12	2e-12	2e-12	1.099021640000889
3272-26A->G/S977F	1.9251144199999999	2e-12	1.97567442	2.0	1.996002	1.99440392	2e-12	2e-12	2e-12	1.099021640000889
3272-26A->G/ivacaftor non-responsive CFTR sequence	1.9251144199999999	2e-12	1.97567442	2.0	1.996002	1.99440392	2e-12	2e-12	2e-12	1.099021640000889
3849+10kbC->T/3849+10kbC->T	0.9625572099999999	1e-12	0.98783721	1.0	0.998001	0.99720196	1e-12	1e-12	1e-12	0.5495108200004445
3849+10kbC->T/711+3A->G	1.9251144199999999	2e-12	1.97567442	2.0	1.996002	1.99440392	2e-12	2e-12	2e-12	1.099021640000889
3849+10kbC->T/A1067T	1.9251144199999999	2e-12	1.97567442	2.0	1.996002	1.99440392	2e-12	2e-12	2e-12	1.099021640000889
3849+10kbC->T/A455E	1.9251144199999999	2e-12	1.97567442	2.0	1.996002	1.99440392	2e-12	2e-12	2e-12	1.099021640000889
3849+10kbC->T/D110E	1.9251144199999999	2e-12	1.97567442	2.0	1.996002	1.99440392	2e-12	2e-12	2e-12	1.099021640000889
3849+10kbC->T/D110H	1.9251144199999999	2e-12	1.97567442	2.0	1.996002	1.99440392	2e-12	2e-12	2e-12	1.099021640000889
3849+10kbC->T/D1152H	1.9251144199999999	2e-12	1.97567442	2.0	1.996002	1.99440392	2e-12	2e-12	2e-12	1.099021640000889
3849+10kbC->T/D1270N	0.03571204	2e-12	1.97567442	2.0	0.001998	0.0027960800000000003	2e-12	2e-12	2e-12	0.44624228222311124
3849+10kbC->T/D579G	1.9251144199999999	2e-12	1.97567442	2.0	1.996002	1.99440392	2e-12	2e-12	2e-12	1.099021640000889
3849+10kbC->T/E193K	1.9251144199999999	2e-12	1.97567442	2.0	1.996002	1.99440392	2e-12	2e-12	2e-12	1.099021640000889
3849+10kbC->T/E56K	1.9251144199999999	2e-12	1.97567442	2.0	1.996002	1.99440392	2e-12	2e-12	2e-12	1.099021640000889
3849+10kbC->T/E831X	1.9251144199999999	2e-12	1.97567442	2.0	1.996002	1.99440392	2e-12	2e-12	2e-12	1.099021640000889
3849+10kbC->T/F1052V	1.9251144199999999	2e-12	1.97567442	2.0	1.996002	1.99440392	2e-12	2e-12	2e-12	1.099021640000889
3849+10kbC->T/F1074L	1.9251144199999999	2e-12	1.97567442	2.0	0.001998	1.99440392	2e-12	2e-12	2e-12	0.877465640000889
3849+10kbC->T/G1069R	1.9251144199999999	2e-12	0.0019878	2.0	0.001998	1.99440392	2e-12	2e-12	2e-12	0.6581671266675556
3849+10kbC->T/G1244E	1.9251144199999999	2e-12	1.97567442	2.0	1.996002	1.99440392	2e-12	2e-12	2e-12	1.099021640000889
3849+10kbC->T/G1349D	1.9251144199999999	2e-12	1.97567442	2.0	1.996002	1.99440392	2e-12	2e-12	2e-12	1.099021640000889
3849+10kbC->T/G178R	1.9251144199999999	2e-12	1.97567442	2.0	1.996002	1.99440392	2e-12	2e-12	2e-12	1.099021640000889
3849+10kbC->T/G551D	1.9251144199999999	2e-12	1.97567442	2.0	1.996002	1.99440392	2e-12	2e-12	2e-12	1.099021640000889
3849+10kbC->T/G551S	1.9251144199999999	2e-12	1.97567442	2.0	1.996002	1.99440392	2e-12	2e-12	2e-12	1.099021640000889
3849+10kbC->T/K1060T	1.9251144199999999	2e-12	1.97567442	2.0	1.996002	1.99440392	2e-12	2e-12	2e-12	1.099021640000889
3849+10kbC->T/L206W	1.9251144199999999	2e-12	1.97567442	2.0	1.996002	1.99440392	2e-12	2e-12	2e-12	1.099021640000889
3849+10kbC->T/P67L	1.9251144199999999	2e-12	1.97567442	2.0	1.996002	1.99440392	2e-12	2e-12	2e-12	1.099021640000889
3849+10kbC->T/R1070Q	1.9251144199999999	2e-12	0.01212558	2.0	1.996002	1.99440392	2e-12	2e-12	2e-12	0.8808495466675557
3849+10kbC->T/R1070W	0.0015697600000000001	2e-12	1.97567442	2.0	1.996002	1.99440392	2e-12	2e-12	2e-12	0.8852944555564445
3849+10kbC->T/R117C	1.9251144199999999	2e-12	1.97567442	2.0	1.996002	1.99440392	2e-12	2e-12	2e-12	1.099021640000889
3849+10kbC->T/R117H	1.9251144199999999	2e-12	1.97567442	2.0	1.996002	1.99440392	2e-12	2e-12	2e-12	1.099021640000889
3849+10kbC->T/R347H	1.9251144199999999	2e-12	1.97567442	2.0	1.996002	1.99440392	2e-12	2e-12	2e-12	1.099021640000889
3849+10kbC->T/R352Q	1.9251144199999999	2e-12	1.97567442	2.0	1.996002	1.99440392	2e-12	2e-12	2e-12	1.099021640000889
3849+10kbC->T/R74W	0.03708558	2e-12	1.97567442	2.0	0.001998	0.0027960800000000003	2e-12	2e-12	2e-12	0.44639489777866687
3849+10kbC->T/S1251N	1.9251144199999999	2e-12	1.97567442	2.0	1.996002	1.99440392	2e-12	2e-12	2e-12	1.099021640000889
3849+10kbC->T/S1255P	1.9251144199999999	2e-12	1.97567442	2.0	1.996002	1.99440392	2e-12	2e-12	2e-12	1.099021640000889
3849+10kbC->T/S549N	1.9251144199999999	2e-12	0.0019878	2.0	1.996002	1.99440392	2e-12	2e-12	2e-12	0.8797231266675556
3849+10kbC->T/S549R(A>C)	1.9251144199999999	2e-12	1.97567442	2.0	1.996002	1.99440392	2e-12	2e-12	2e-12	1.099021640000889
3849+10kbC->T/S549R(T>G)	1.9251144199999999	2e-12	1.97567442	2.0	1.996002	1.99440392	2e-12	2e-12	2e-12	1.099021640000889
3849+10kbC->T/S945L	1.9251144199999999	2e-12	1.97567442	2.0	1.996002	1.99440392	2e-12	2e-12	2e-12	1.099021640000889
3849+10kbC->T/S977F	1.9251144199999999	2e-12	1.97567442	2.0	1.996002	1.99440392	2e-12	2e-12	2e-12	1.099021640000889
3849+10kbC->T/ivacaftor non-responsive CFTR sequence	1.9251144199999999	2e-12	1.97567442	2.0	1.996002	1.99440392	2e-12	2e-12	2e-12	1.099021640000889
711+3A->G/711+3A->G	0.9625572099999999	1e-12	0.98783721	1.0	0.998001	0.99720196	1e-12	1e-12	1e-12	0.5495108200004445
711+3A->G/A1067T	1.9251144199999999	2e-12	1.97567442	2.0	1.996002	1.99440392	2e-12	2e-12	2e-12	1.099021640000889
711+3A->G/A455E	1.9251144199999999	2e-12	1.97567442	2.0	1.996002	1.99440392	2e-12	2e-12	2e-12	1.099021640000889
711+3A->G/D110E	1.9251144199999999	2e-12	1.97567442	2.0	1.996002	1.99440392	2e-12	2e-12	2e-12	1.099021640000889
711+3A->G/D110H	1.9251144199999999	2e-12	1.97567442	2.0	1.996002	1.99440392	2e-12	2e-12	2e-12	1.099021640000889
711+3A->G/D1152H	1.9251144199999999	2e-12	1.97567442	2.0	1.996002	1.99440392	2e-12	2e-12	2e-12	1.099021640000889
711+3A->G/D1270N	0.03571204	2e-12	1.97567442	2.0	0.001998	0.0027960800000000003	2e-12	2e-12	2e-12	0.44624228222311124
711+3A->G/D579G	1.9251144199999999	2e-12	1.97567442	2.0	1.996002	1.99440392	2e-12	2e-12	2e-12	1.099021640000889
711+3A->G/E193K	1.9251144199999999	2e-12	1.97567442	2.0	1.996002	1.99440392	2e-12	2e-12	2e-12	1.099021640000889
711+3A->G/E56K	1.9251144199999999	2e-12	1.97567442	2.0	1.996002	1.99440392	2e-12	2e-12	2e-12	1.099021640000889
711+3A->G/E831X	1.9251144199999999	2e-12	1.97567442	2.0	1.996002	1.99440392	2e-12	2e-12	2e-12	1.099021640000889
711+3A->G/F1052V	1.9251144199999999	2e-12	1.97567442	2.0	1.996002	1.99440392	2e-12	2e-12	2e-12	1.099021640000889
711+3A->G/F1074L	1.9251144199999999	2e-12	1.97567442	2.0	0.001998	1.99440392	2e-12	2e-12	2e-12	0.877465640000889
711+3A->G/G1069R	1.9251144199999999	2e-12	0.0019878	2.0	0.001998	1.99440392	2e-12	2e-12	2e-12	0.6581671266675556
711+3A->G/G1244E	1.9251144199999999	2e-12	1.97567442	2.0	1.996002	1.99440392	2e-12	2e-12	2e-12	1.099021640000889
711+3A->G/G1349D	1.9251144199999999	2e-12	1.97567442	2.0	1.996002	1.99440392	2e-12	2e-12	2e-12	1.099021640000889
711+3A->G/G178R	1.9251144199999999	2e-12	1.97567442	2.0	1.996002	1.99440392	2e-12	2e-12	2e-12	1.099021640000889
711+3A->G/G551D	1.9251144199999999	2e-12	1.97567442	2.0	1.996002	1.99440392	2e-12	2e-12	2e-12	1.099021640000889
711+3A->G/G551S	1.9251144199999999	2e-12	1.97567442	2.0	1.996002	1.99440392	2e-12	2e-12	2e-12	1.099021640000889
711+3A->G/K1060T	1.9251144199999999	2e-12	1.97567442	2.0	1.996002	1.99440392	2e-12	2e-12	2e-12	1.099021640000889
711+3A->G/L206W	1.9251144199999999	2e-12	1.97567442	2.0	1.996002	1.99440392	2e-12	2e-12	2e-12	1.099021640000889
711+3A->G/P67L	1.9251144199999999	2e-12	1.97567442	2.0	1.996002	1.99440392	2e-12	2e-12	2e-12	1.099021640000889
711+3A->G/R1070Q	1.9251144199999999	2e-12	0.01212558	2.0	1.996002	1.99440392	2e-12	2e-12	2e-12	0.8808495466675557
711+3A->G/R1070W	0.0015697600000000001	2e-12	1.97567442	2.0	1.996002	1.99440392	2e-12	2e-12	2e-12	0.8852944555564445
711+3A->G/R117C	1.9251144199999999	2e-12	1.97567442	2.0	1.996002	1.99440392	2e-12	2e-12	2e-12	1.099021640000889
711+3A->G/R117H	1.9251144199999999	2e-12	1.97567442	2.0	1.996002	1.99440392	2e-12	2e-12	2e-12	1.099021640000889
711+3A->G/R347H	1.9251144199999999	2e-12	1.97567442	2.0	1.996002	1.99440392	2e-12	2e-12	2e-12	1.099021640000889
711+3A->G/R352Q	1.9251144199999999	2e-12	1.97567442	2.0	1.996002	1.99440392	2e-12	2e-12	2e-12	1.099021640000889
711+3A->G/R74W	0.03708558	2e-12	1.97567442	2.0	0.001998	0.0027960800000000003	2e-12	2e-12	2e-12	0.44639489777866687
711+3A->G/S1251N	1.9251144199999999	2e-12	1.97567442	2.0	1.996002	1.99440392	2e-12	2e-12	2e-12	1.099021640000889
711+3A->G/S1255P	1.9251144199999999	2e-12	1.97567442	2.0	1.996002	1.99440392	2e-12	2e-12	2e-12	1.099021640000889
711+3A->G/S549N	1.9251144199999999	2e-12	0.0019878	2.0	1.996002	1.99440392	2e-12	2e-12	2e-12	0.8797231266675556
711+3A->G/S549R(A>C)	1.9251144199999999	2e-12	1.97567442	2.0	1.996002	1.99440392	2e-12	2e-12	2e-12	1.099021640000889
711+3A->G/S549R(T>G)	1.9251144199999999	2e-12	1.97567442	2.0	1.996002	1.99440392	2e-12	2e-12	2e-12	1.099021640000889
711+3A->G/S945L	1.9251144199999999	2e-12	1.97567442	2.0	1.996002	1.99440392	2e-12	2e-12	2e-12	1.099021640000889
711+3A->G/S977F	1.9251144199999999	2e-12	1.97567442	2.0	1.996002	1.99440392	2e-12	2e-12	2e-12	1.099021640000889
711+3A->G/ivacaftor non-responsive CFTR sequence	1.9251144199999999	2e-12	1.97567442	2.0	1.996002	1.99440392	2e-12	2e-12	2e-12	1.099021640000889
A1067T/A1067T	0.9625572099999999	1e-12	0.98783721	1.0	0.998001	0.99720196	1e-12	1e-12	1e-12	0.5495108200004445
A1067T/A455E	1.9251144199999999	2e-12	1.97567442	2.0	1.996002	1.99440392	2e-12	2e-12	2e-12	1.099021640000889
A1067T/D110E	1.9251144199999999	2e-12	1.97567442	2.0	1.996002	1.99440392	2e-12	2e-12	2e-12	1.099021640000889
A1067T/D110H	1.9251144199999999	2e-12	1.97567442	2.0	1.996002	1.99440392	2e-12	2e-12	2e-12	1.099021640000889
A1067T/D1152H	1.9251144199999999	2e-12	1.97567442	2.0	1.996002	1.99440392	2e-12	2e-12	2e-12	1.099021640000889
A1067T/D1270N	0.03571204	2e-12	1.97567442	2.0	0.001998	0.0027960800000000003	2e-12	2e-12	2e-12	0.44624228222311124
A1067T/D579G	1.9251144199999999	2e-12	1.97567442	2.0	1.996002	1.99440392	2e-12	2e-12	2e-12	1.099021640000889
A1067T/E193K	1.9251144199999999	2e-12	1.97567442	2.0	1.996002	1.99440392	2e-12	2e-12	2e-12	1.099021640000889
A1067T/E56K	1.9251144199999999	2e-12	1.97567442	2.0	1.996002	1.99440392	2e-12	2e-12	2e-12	1.099021640000889
A1067T/E831X	1.9251144199999999	2e-12	1.97567442	2.0	1.996002	1.99440392	2e-12	2e-12	2e-12	1.099021640000889
A1067T/F1052V	1.9251144199999999	2e-12	1.97567442	2.0	1.996002	1.99440392	2e-12	2e-12	2e-12	1.099021640000889
A1067T/F1074L	1.9251144199999999	2e-12	1.97567442	2.0	0.001998	1.99440392	2e-12	2e-12	2e-12	0.877465640000889
A1067T/G1069R	1.9251144199999999	2e-12	0.0019878	2.0	0.001998	1.99440392	2e-12	2e-12	2e-12	0.6581671266675556
A1067T/G1244E	1.9251144199999999	2e-12	1.97567442	2.0	1.996002	1.99440392	2e-12	2e-12	2e-12	1.099021640000889
A1067T/G1349D	1.9251144199999999	2e-12	1.97567442	2.0	1.996002	1.99440392	2e-12	2e-12	2e-12	1.099021640000889
A1067T/G178R	1.9251144199999999	2e-12	1.97567442	2.0	1.996002	1.99440392	2e-12	2e-12	2e-12	1.099021640000889
A1067T/G551D	1.9251144199999999	2e-12	1.97567442	2.0	1.996002	1.99440392	2e-12	2e-12	2e-12	1.099021640000889
A1067T/G551S	1.9251144199999999	2e-12	1.97567442	2.0	1.996002	1.99440392	2e-12	2e-12	2e-12	1.099021640000889
A1067T/K1060T	1.9251144199999999	2e-12	1.97567442	2.0	1.996002	1.99440392	2e-12	2e-12	2e-12	1.099021640000889
A1067T/L206W	1.9251144199999999	2e-12	1.97567442	2.0	1.996002	1.99440392	2e-12	2e-12	2e-12	1.099021640000889
A1067T/P67L	1.9251144199999999	2e-12	1.97567442	2.0	1.996002	1.99440392	2e-12	2e-12	2e-12	1.099021640000889
A1067T/R1070Q	1.9251144199999999	2e-12	0.01212558	2.0	1.996002	1.99440392	2e-12	2e-12	2e-12	0.8808495466675557
A1067T/R1070W	0.0015697600000000001	2e-12	1.97567442	2.0	1.996002	1.99440392	2e-12	2e-12	2e-12	0.8852944555564445
A1067T/R117C	1.9251144199999999	2e-12	1.97567442	2.0	1.996002	1.99440392	2e-12	2e-12	2e-12	1.099021640000889
A1067T/R117H	1.9251144199999999	2e-12	1.97567442	2.0	1.996002	1.99440392	2e-12	2e-12	2e-12	1.099021640000889
A1067T/R347H	1.9251144199999999	2e-12	1.97567442	2.0	1.996002	1.99440392	2e-12	2e-12	2e-12	1.099021640000889
A1067T/R352Q	1.9251144199999999	2e-12	1.97567442	2.0	1.996002	1.99440392	2e-12	2e-12	2e-12	1.099021640000889
A1067T/R74W	0.03708558	2e-12	1.97567442	2.0	0.001998	0.0027960800000000003	2e-12	2e-12	2e-12	0.44639489777866687
A1067T/S1251N	1.9251144199999999	2e-12	1.97567442	2.0	1.996002	1.99440392	2e-12	2e-12	2e-12	1.099021640000889
A1067T/S1255P	1.9251144199999999	2e-12	1.97567442	2.0	1.996002	1.99440392	2e-12	2e-12	2e-12	1.099021640000889
A1067T/S549N	1.9251144199999999	2e-12	0.0019878	2.0	1.996002	1.99440392	2e-12	2e-12	2e-12	0.8797231266675556
A1067T/S549R(A>C)	1.9251144199999999	2e-12	1.97567442	2.0	1.996002	1.99440392	2e-12	2e-12	2e-12	1.099021640000889
A1067T/S549R(T>G)	1.9251144199999999	2e-12	1.97567442	2.0	1.996002	1.99440392	2e-12	2e-12	2e-12	1.099021640000889
A1067T/S945L	1.9251144199999999	2e-12	1.97567442	2.0	1.996002	1.99440392	2e-12	2e-12	2e-12	1.099021640000889
A1067T/S977F	1.9251144199999999	2e-12	1.97567442	2.0	1.996002	1.99440392	2e-12	2e-12	2e-12	1.099021640000889
A1067T/ivacaftor non-responsive CFTR sequence	1.9251144199999999	2e-12	1.97567442	2.0	1.996002	1.99440392	2e-12	2e-12	2e-12	1.099021640000889
A455E/A455E	0.9625572099999999	1e-12	0.98783721	1.0	0.998001	0.99720196	1e-12	1e-12	1e-12	0.5495108200004445
A455E/D110E	1.9251144199999999	2e-12	1.97567442	2.0	1.996002	1.99440392	2e-12	2e-12	2e-12	1.099021640000889
A455E/D110H	1.9251144199999999	2e-12	1.97567442	2.0	1.996002	1.99440392	2e-12	2e-12	2e-12	1.099021640000889
A455E/D1152H	1.9251144199999999	2e-12	1.97567442	2.0	1.996002	1.99440392	2e-12	2e-12	2e-12	1.099021640000889
A455E/D1270N	0.03571204	2e-12	1.97567442	2.0	0.001998	0.0027960800000000003	2e-12	2e-12	2e-12	0.44624228222311124
A455E/D579G	1.9251144199999999	2e-12	1.97567442	2.0	1.996002	1.99440392	2e-12	2e-12	2e-12	1.099021640000889
A455E/E193K	1.9251144199999999	2e-12	1.97567442	2.0	1.996002	1.99440392	2e-12	2e-12	2e-12	1.099021640000889
A455E/E56K	1.9251144199999999	2e-12	1.97567442	2.0	1.996002	1.99440392	2e-12	2e-12	2e-12	1.099021640000889
A455E/E831X	1.9251144199999999	2e-12	1.97567442	2.0	1.996002	1.99440392	2e-12	2e-12	2e-12	1.099021640000889
A455E/F1052V	1.9251144199999999	2e-12	1.97567442	2.0	1.996002	1.99440392	2e-12	2e-12	2e-12	1.099021640000889
A455E/F1074L	1.9251144199999999	2e-12	1.97567442	2.0	0.001998	1.99440392	2e-12	2e-12	2e-12	0.877465640000889
A455E/G1069R	1.9251144199999999	2e-12	0.0019878	2.0	0.001998	1.99440392	2e-12	2e-12	2e-12	0.6581671266675556
A455E/G1244E	1.9251144199999999	2e-12	1.97567442	2.0	1.996002	1.99440392	2e-12	2e-12	2e-12	1.099021640000889
A455E/G1349D	1.9251144199999999	2e-12	1.97567442	2.0	1.996002	1.99440392	2e-12	2e-12	2e-12	1.099021640000889
A455E/G178R	1.9251144199999999	2e-12	1.97567442	2.0	1.996002	1.99440392	2e-12	2e-12	2e-12	1.099021640000889
A455E/G551D	1.9251144199999999	2e-12	1.97567442	2.0	1.996002	1.99440392	2e-12	2e-12	2e-12	1.099021640000889
A455E/G551S	1.9251144199999999	2e-12	1.97567442	2.0	1.996002	1.99440392	2e-12	2e-12	2e-12	1.099021640000889
A455E/K1060T	1.9251144199999999	2e-12	1.97567442	2.0	1.996002	1.99440392	2e-12	2e-12	2e-12	1.099021640000889
A455E/L206W	1.9251144199999999	2e-12	1.97567442	2.0	1.996002	1.99440392	2e-12	2e-12	2e-12	1.099021640000889
A455E/P67L	1.9251144199999999	2e-12	1.97567442	2.0	1.996002	1.99440392	2e-12	2e-12	2e-12	1.099021640000889
A455E/R1070Q	1.9251144199999999	2e-12	0.01212558	2.0	1.996002	1.99440392	2e-12	2e-12	2e-12	0.8808495466675557
A455E/R1070W	0.0015697600000000001	2e-12	1.97567442	2.0	1.996002	1.99440392	2e-12	2e-12	2e-12	0.8852944555564445
A455E/R117C	1.9251144199999999	2e-12	1.97567442	2.0	1.996002	1.99440392	2e-12	2e-12	2e-12	1.099021640000889
A455E/R117H	1.9251144199999999	2e-12	1.97567442	2.0	1.996002	1.99440392	2e-12	2e-12	2e-12	1.099021640000889
A455E/R347H	1.9251144199999999	2e-12	1.97567442	2.0	1.996002	1.99440392	2e-12	2e-12	2e-12	1.099021640000889
A455E/R352Q	1.9251144199999999	2e-12	1.97567442	2.0	1.996002	1.99440392	2e-12	2e-12	2e-12	1.099021640000889
A455E/R74W	0.03708558	2e-12	1.97567442	2.0	0.001998	0.0027960800000000003	2e-12	2e-12	2e-12	0.44639489777866687
A455E/S1251N	1.9251144199999999	2e-12	1.97567442	2.0	1.996002	1.99440392	2e-12	2e-12	2e-12	1.099021640000889
A455E/S1255P	1.9251144199999999	2e-12	1.97567442	2.0	1.996002	1.99440392	2e-12	2e-12	2e-12	1.099021640000889
A455E/S549N	1.9251144199999999	2e-12	0.0019878	2.0	1.996002	1.99440392	2e-12	2e-12	2e-12	0.8797231266675556
A455E/S549R(A>C)	1.9251144199999999	2e-12	1.97567442	2.0	1.996002	1.99440392	2e-12	2e-12	2e-12	1.099021640000889
A455E/S549R(T>G)	1.9251144199999999	2e-12	1.97567442	2.0	1.996002	1.99440392	2e-12	2e-12	2e-12	1.099021640000889
A455E/S945L	1.9251144199999999	2e-12	1.97567442	2.0	1.996002	1.99440392	2e-12	2e-12	2e-12	1.099021640000889
A455E/S977F	1.9251144199999999	2e-12	1.97567442	2.0	1.996002	1.99440392	2e-12	2e-12	2e-12	1.099021640000889
A455E/ivacaftor non-responsive CFTR sequence	1.9251144199999999	2e-12	1.97567442	2.0	1.996002	1.99440392	2e-12	2e-12	2e-12	1.099021640000889
D110E/D110E	0.9625572099999999	1e-12	0.98783721	1.0	0.998001	0.99720196	1e-12	1e-12	1e-12	0.5495108200004445
D110E/D110H	1.9251144199999999	2e-12	1.97567442	2.0	1.996002	1.99440392	2e-12	2e-12	2e-12	1.099021640000889
D110E/D1152H	1.9251144199999999	2e-12	1.97567442	2.0	1.996002	1.99440392	2e-12	2e-12	2e-12	1.099021640000889
D110E/D1270N	0.03571204	2e-12	1.97567442	2.0	0.001998	0.0027960800000000003	2e-12	2e-12	2e-12	0.44624228222311124
D110E/D579G	1.9251144199999999	2e-12	1.97567442	2.0	1.996002	1.99440392	2e-12	2e-12	2e-12	1.099021640000889
D110E/E193K	1.9251144199999999	2e-12	1.97567442	2.0	1.996002	1.99440392	2e-12	2e-12	2e-12	1.099021640000889
D110E/E56K	1.9251144199999999	2e-12	1.97567442	2.0	1.996002	1.99440392	2e-12	2e-12	2e-12	1.099021640000889
D110E/E831X	1.9251144199999999	2e-12	1.97567442	2.0	1.996002	1.99440392	2e-12	2e-12	2e-12	1.099021640000889
D110E/F1052V	1.9251144199999999	2e-12	1.97567442	2.0	1.996002	1.99440392	2e-12	2e-12	2e-12	1.099021640000889
D110E/F1074L	1.9251144199999999	2e-12	1.97567442	2.0	0.001998	1.99440392	2e-12	2e-12	2e-12	0.877465640000889
D110E/G1069R	1.9251144199999999	2e-12	0.0019878	2.0	0.001998	1.99440392	2e-12	2e-12	2e-12	0.6581671266675556
D110E/G1244E	1.9251144199999999	2e-12	1.97567442	2.0	1.996002	1.99440392	2e-12	2e-12	2e-12	1.099021640000889
D110E/G1349D	1.9251144199999999	2e-12	1.97567442	2.0	1.996002	1.99440392	2e-12	2e-12	2e-12	1.099021640000889
D110E/G178R	1.9251144199999999	2e-12	1.97567442	2.0	1.996002	1.99440392	2e-12	2e-12	2e-12	1.099021640000889
D110E/G551D	1.9251144199999999	2e-12	1.97567442	2.0	1.996002	1.99440392	2e-12	2e-12	2e-12	1.099021640000889
D110E/G551S	1.9251144199999999	2e-12	1.97567442	2.0	1.996002	1.99440392	2e-12	2e-12	2e-12	1.099021640000889
D110E/K1060T	1.9251144199999999	2e-12	1.97567442	2.0	1.996002	1.99440392	2e-12	2e-12	2e-12	1.099021640000889
D110E/L206W	1.9251144199999999	2e-12	1.97567442	2.0	1.996002	1.99440392	2e-12	2e-12	2e-12	1.099021640000889
D110E/P67L	1.9251144199999999	2e-12	1.97567442	2.0	1.996002	1.99440392	2e-12	2e-12	2e-12	1.099021640000889
D110E/R1070Q	1.9251144199999999	2e-12	0.01212558	2.0	1.996002	1.99440392	2e-12	2e-12	2e-12	0.8808495466675557
D110E/R1070W	0.0015697600000000001	2e-12	1.97567442	2.0	1.996002	1.99440392	2e-12	2e-12	2e-12	0.8852944555564445
D110E/R117C	1.9251144199999999	2e-12	1.97567442	2.0	1.996002	1.99440392	2e-12	2e-12	2e-12	1.099021640000889
D110E/R117H	1.9251144199999999	2e-12	1.97567442	2.0	1.996002	1.99440392	2e-12	2e-12	2e-12	1.099021640000889
D110E/R347H	1.9251144199999999	2e-12	1.97567442	2.0	1.996002	1.99440392	2e-12	2e-12	2e-12	1.099021640000889
D110E/R352Q	1.9251144199999999	2e-12	1.97567442	2.0	1.996002	1.99440392	2e-12	2e-12	2e-12	1.099021640000889
D110E/R74W	0.03708558	2e-12	1.97567442	2.0	0.001998	0.0027960800000000003	2e-12	2e-12	2e-12	0.44639489777866687
D110E/S1251N	1.9251144199999999	2e-12	1.97567442	2.0	1.996002	1.99440392	2e-12	2e-12	2e-12	1.099021640000889
D110E/S1255P	1.9251144199999999	2e-12	1.97567442	2.0	1.996002	1.99440392	2e-12	2e-12	2e-12	1.099021640000889
D110E/S549N	1.9251144199999999	2e-12	0.0019878	2.0	1.996002	1.99440392	2e-12	2e-12	2e-12	0.8797231266675556
D110E/S549R(A>C)	1.9251144199999999	2e-12	1.97567442	2.0	1.996002	1.99440392	2e-12	2e-12	2e-12	1.099021640000889
D110E/S549R(T>G)	1.9251144199999999	2e-12	1.97567442	2.0	1.996002	1.99440392	2e-12	2e-12	2e-12	1.099021640000889
D110E/S945L	1.9251144199999999	2e-12	1.97567442	2.0	1.996002	1.99440392	2e-12	2e-12	2e-12	1.099021640000889
D110E/S977F	1.9251144199999999	2e-12	1.97567442	2.0	1.996002	1.99440392	2e-12	2e-12	2e-12	1.099021640000889
D110E/ivacaftor non-responsive CFTR sequence	1.9251144199999999	2e-12	1.97567442	2.0	1.996002	1.99440392	2e-12	2e-12	2e-12	1.099021640000889
D110H/D110H	0.9625572099999999	1e-12	0.98783721	1.0	0.998001	0.99720196	1e-12	1e-12	1e-12	0.5495108200004445
D110H/D1152H	1.9251144199999999	2e-12	1.97567442	2.0	1.996002	1.99440392	2e-12	2e-12	2e-12	1.099021640000889
D110H/D1270N	0.03571204	2e-12	1.97567442	2.0	0.001998	0.0027960800000000003	2e-12	2e-12	2e-12	0.44624228222311124
D110H/D579G	1.9251144199999999	2e-12	1.97567442	2.0	1.996002	1.99440392	2e-12	2e-12	2e-12	1.099021640000889
D110H/E193K	1.9251144199999999	2e-12	1.97567442	2.0	1.996002	1.99440392	2e-12	2e-12	2e-12	1.099021640000889
D110H/E56K	1.9251144199999999	2e-12	1.97567442	2.0	1.996002	1.99440392	2e-12	2e-12	2e-12	1.099021640000889
D110H/E831X	1.9251144199999999	2e-12	1.97567442	2.0	1.996002	1.99440392	2e-12	2e-12	2e-12	1.099021640000889
D110H/F1052V	1.9251144199999999	2e-12	1.97567442	2.0	1.996002	1.99440392	2e-12	2e-12	2e-12	1.099021640000889
D110H/F1074L	1.9251144199999999	2e-12	1.97567442	2.0	0.001998	1.99440392	2e-12	2e-12	2e-12	0.877465640000889
D110H/G1069R	1.9251144199999999	2e-12	0.0019878	2.0	0.001998	1.99440392	2e-12	2e-12	2e-12	0.6581671266675556
D110H/G1244E	1.9251144199999999	2e-12	1.97567442	2.0	1.996002	1.99440392	2e-12	2e-12	2e-12	1.099021640000889
D110H/G1349D	1.9251144199999999	2e-12	1.97567442	2.0	1.996002	1.99440392	2e-12	2e-12	2e-12	1.099021640000889
D110H/G178R	1.9251144199999999	2e-12	1.97567442	2.0	1.996002	1.99440392	2e-12	2e-12	2e-12	1.099021640000889
D110H/G551D	1.9251144199999999	2e-12	1.97567442	2.0	1.996002	1.99440392	2e-12	2e-12	2e-12	1.099021640000889
D110H/G551S	1.9251144199999999	2e-12	1.97567442	2.0	1.996002	1.99440392	2e-12	2e-12	2e-12	1.099021640000889
D110H/K1060T	1.9251144199999999	2e-12	1.97567442	2.0	1.996002	1.99440392	2e-12	2e-12	2e-12	1.099021640000889
D110H/L206W	1.9251144199999999	2e-12	1.97567442	2.0	1.996002	1.99440392	2e-12	2e-12	2e-12	1.099021640000889
D110H/P67L	1.9251144199999999	2e-12	1.97567442	2.0	1.996002	1.99440392	2e-12	2e-12	2e-12	1.099021640000889
D110H/R1070Q	1.9251144199999999	2e-12	0.01212558	2.0	1.996002	1.99440392	2e-12	2e-12	2e-12	0.8808495466675557
D110H/R1070W	0.0015697600000000001	2e-12	1.97567442	2.0	1.996002	1.99440392	2e-12	2e-12	2e-12	0.8852944555564445
D110H/R117C	1.9251144199999999	2e-12	1.97567442	2.0	1.996002	1.99440392	2e-12	2e-12	2e-12	1.099021640000889
D110H/R117H	1.9251144199999999	2e-12	1.97567442	2.0	1.996002	1.99440392	2e-12	2e-12	2e-12	1.099021640000889
D110H/R347H	1.9251144199999999	2e-12	1.97567442	2.0	1.996002	1.99440392	2e-12	2e-12	2e-12	1.099021640000889
D110H/R352Q	1.9251144199999999	2e-12	1.97567442	2.0	1.996002	1.99440392	2e-12	2e-12	2e-12	1.099021640000889
D110H/R74W	0.03708558	2e-12	1.97567442	2.0	0.001998	0.0027960800000000003	2e-12	2e-12	2e-12	0.44639489777866687
D110H/S1251N	1.9251144199999999	2e-12	1.97567442	2.0	1.996002	1.99440392	2e-12	2e-12	2e-12	1.099021640000889
D110H/S1255P	1.9251144199999999	2e-12	1.97567442	2.0	1.996002	1.99440392	2e-12	2e-12	2e-12	1.099021640000889
D110H/S549N	1.9251144199999999	2e-12	0.0019878	2.0	1.996002	1.99440392	2e-12	2e-12	2e-12	0.8797231266675556
D110H/S549R(A>C)	1.9251144199999999	2e-12	1.97567442	2.0	1.996002	1.99440392	2e-12	2e-12	2e-12	1.099021640000889
D110H/S549R(T>G)	1.9251144199999999	2e-12	1.97567442	2.0	1.996002	1.99440392	2e-12	2e-12	2e-12	1.099021640000889
D110H/S945L	1.9251144199999999	2e-12	1.97567442	2.0	1.996002	1.99440392	2e-12	2e-12	2e-12	1.099021640000889
D110H/S977F	1.9251144199999999	2e-12	1.97567442	2.0	1.996002	1.99440392	2e-12	2e-12	2e-12	1.099021640000889
D110H/ivacaftor non-responsive CFTR sequence	1.9251144199999999	2e-12	1.97567442	2.0	1.996002	1.99440392	2e-12	2e-12	2e-12	1.099021640000889
D1152H/D1152H	0.9625572099999999	1e-12	0.98783721	1.0	0.998001	0.99720196	1e-12	1e-12	1e-12	0.5495108200004445
D1152H/D1270N	0.03571204	2e-12	1.97567442	2.0	0.001998	0.0027960800000000003	2e-12	2e-12	2e-12	0.44624228222311124
D1152H/D579G	1.9251144199999999	2e-12	1.97567442	2.0	1.996002	1.99440392	2e-12	2e-12	2e-12	1.099021640000889
D1152H/E193K	1.9251144199999999	2e-12	1.97567442	2.0	1.996002	1.99440392	2e-12	2e-12	2e-12	1.099021640000889
D1152H/E56K	1.9251144199999999	2e-12	1.97567442	2.0	1.996002	1.99440392	2e-12	2e-12	2e-12	1.099021640000889
D1152H/E831X	1.9251144199999999	2e-12	1.97567442	2.0	1.996002	1.99440392	2e-12	2e-12	2e-12	1.099021640000889
D1152H/F1052V	1.9251144199999999	2e-12	1.97567442	2.0	1.996002	1.99440392	2e-12	2e-12	2e-12	1.099021640000889
D1152H/F1074L	1.9251144199999999	2e-12	1.97567442	2.0	0.001998	1.99440392	2e-12	2e-12	2e-12	0.877465640000889
D1152H/G1069R	1.9251144199999999	2e-12	0.0019878	2.0	0.001998	1.99440392	2e-12	2e-12	2e-12	0.6581671266675556
D1152H/G1244E	1.9251144199999999	2e-12	1.97567442	2.0	1.996002	1.99440392	2e-12	2e-12	2e-12	1.099021640000889
D1152H/G1349D	1.9251144199999999	2e-12	1.97567442	2.0	1.996002	1.99440392	2e-12	2e-12	2e-12	1.099021640000889
D1152H/G178R	1.9251144199999999	2e-12	1.97567442	2.0	1.996002	1.99440392	2e-12	2e-12	2e-12	1.099021640000889
D1152H/G551D	1.9251144199999999	2e-12	1.97567442	2.0	1.996002	1.99440392	2e-12	2e-12	2e-12	1.099021640000889
D1152H/G551S	1.9251144199999999	2e-12	1.97567442	2.0	1.996002	1.99440392	2e-12	2e-12	2e-12	1.099021640000889
D1152H/K1060T	1.9251144199999999	2e-12	1.97567442	2.0	1.996002	1.99440392	2e-12	2e-12	2e-12	1.099021640000889
D1152H/L206W	1.9251144199999999	2e-12	1.97567442	2.0	1.996002	1.99440392	2e-12	2e-12	2e-12	1.099021640000889
D1152H/P67L	1.9251144199999999	2e-12	1.97567442	2.0	1.996002	1.99440392	2e-12	2e-12	2e-12	1.099021640000889
D1152H/R1070Q	1.9251144199999999	2e-12	0.01212558	2.0	1.996002	1.99440392	2e-12	2e-12	2e-12	0.8808495466675557
D1152H/R1070W	0.0015697600000000001	2e-12	1.97567442	2.0	1.996002	1.99440392	2e-12	2e-12	2e-12	0.8852944555564445
D1152H/R117C	1.9251144199999999	2e-12	1.97567442	2.0	1.996002	1.99440392	2e-12	2e-12	2e-12	1.099021640000889
D1152H/R117H	1.9251144199999999	2e-12	1.97567442	2.0	1.996002	1.99440392	2e-12	2e-12	2e-12	1.099021640000889
D1152H/R347H	1.9251144199999999	2e-12	1.97567442	2.0	1.996002	1.99440392	2e-12	2e-12	2e-12	1.099021640000889
D1152H/R352Q	1.9251144199999999	2e-12	1.97567442	2.0	1.996002	1.99440392	2e-12	2e-12	2e-12	1.099021640000889
D1152H/R74W	0.03708558	2e-12	1.97567442	2.0	0.001998	0.0027960800000000003	2e-12	2e-12	2e-12	0.44639489777866687
D1152H/S1251N	1.9251144199999999	2e-12	1.97567442	2.0	1.996002	1.99440392	2e-12	2e-12	2e-12	1.099021640000889
D1152H/S1255P	1.9251144199999999	2e-12	1.97567442	2.0	1.996002	1.99440392	2e-12	2e-12	2e-12	1.099021640000889
D1152H/S549N	1.9251144199999999	2e-12	0.0019878	2.0	1.996002	1.99440392	2e-12	2e-12	2e-12	0.8797231266675556
D1152H/S549R(A>C)	1.9251144199999999	2e-12	1.97567442	2.0	1.996002	1.99440392	2e-12	2e-12	2e-12	1.099021640000889
D1152H/S549R(T>G)	1.9251144199999999	2e-12	1.97567442	2.0	1.996002	1.99440392	2e-12	2e-12	2e-12	1.099021640000889
D1152H/S945L	1.9251144199999999	2e-12	1.97567442	2.0	1.996002	1.99440392	2e-12	2e-12	2e-12	1.099021640000889
D1152H/S977F	1.9251144199999999	2e-12	1.97567442	2.0	1.996002	1.99440392	2e-12	2e-12	2e-12	1.099021640000889
D1152H/ivacaftor non-responsive CFTR sequence	1.9251144199999999	2e-12	1.97567442	2.0	1.996002	1.99440392	2e-12	2e-12	2e-12	1.099021640000889
D1270N/D1270N	0.00033124	1e-12	0.98783721	1.0	1e-06	1.96e-06	1e-12	1e-12	1e-12	0.2209079344448889
D1270N/D579G	0.03571204	2e-12	1.97567442	2.0	0.001998	0.0027960800000000003	2e-12	2e-12	2e-12	0.44624228222311124
D1270N/E193K	0.03571204	2e-12	1.97567442	2.0	0.001998	0.0027960800000000003	2e-12	2e-12	2e-12	0.44624228222311124
D1270N/E56K	0.03571204	2e-12	1.97567442	2.0	0.001998	0.0027960800000000003	2e-12	2e-12	2e-12	0.44624228222311124
D1270N/E831X	0.03571204	2e-12	1.97567442	2.0	0.001998	0.0027960800000000003	2e-12	2e-12	2e-12	0.44624228222311124
D1270N/F1052V	0.03571204	2e-12	1.97567442	2.0	0.001998	0.0027960800000000003	2e-12	2e-12	2e-12	0.44624228222311124
D1270N/F1074L	0.03571204	2e-12	1.97567442	2.0	2e-06	0.0027960800000000003	2e-12	2e-12	2e-12	0.4460205044453335
D1270N/G1069R	0.03571204	2e-12	0.0019878	2.0	2e-06	0.0027960800000000003	2e-12	2e-12	2e-12	0.22672199111200003
D1270N/G1244E	0.03571204	2e-12	1.97567442	2.0	0.001998	0.0027960800000000003	2e-12	2e-12	2e-12	0.44624228222311124
D1270N/G1349D	0.03571204	2e-12	1.97567442	2.0	0.001998	0.0027960800000000003	2e-12	2e-12	2e-12	0.44624228222311124
D1270N/G178R	0.03571204	2e-12	1.97567442	2.0	0.001998	0.0027960800000000003	2e-12	2e-12	2e-12	0.44624228222311124
D1270N/G551D	0.03571204	2e-12	1.97567442	2.0	0.001998	0.0027960800000000003	2e-12	2e-12	2e-12	0.44624228222311124
D1270N/G551S	0.03571204	2e-12	1.97567442	2.0	0.001998	0.0027960800000000003	2e-12	2e-12	2e-12	0.44624228222311124
D1270N/K1060T	0.03571204	2e-12	1.97567442	2.0	0.001998	0.0027960800000000003	2e-12	2e-12	2e-12	0.44624228222311124
D1270N/L206W	0.03571204	2e-12	1.97567442	2.0	0.001998	0.0027960800000000003	2e-12	2e-12	2e-12	0.44624228222311124
D1270N/P67L	0.03571204	2e-12	1.97567442	2.0	0.001998	0.0027960800000000003	2e-12	2e-12	2e-12	0.44624228222311124
D1270N/R1070Q	0.03571204	2e-12	0.01212558	2.0	0.001998	0.0027960800000000003	2e-12	2e-12	2e-12	0.22807018888977781
D1270N/R1070W	2.9120000000000002e-05	2e-12	1.97567442	2.0	0.001998	0.0027960800000000003	2e-12	2e-12	2e-12	0.44227751333422227
D1270N/R117C	0.03571204	2e-12	1.97567442	2.0	0.001998	0.0027960800000000003	2e-12	2e-12	2e-12	0.44624228222311124
D1270N/R117H	0.03571204	2e-12	1.97567442	2.0	0.001998	0.0027960800000000003	2e-12	2e-12	2e-12	0.44624228222311124
D1270N/R347H	0.03571204	2e-12	1.97567442	2.0	0.001998	0.0027960800000000003	2e-12	2e-12	2e-12	0.44624228222311124
D1270N/R352Q	0.03571204	2e-12	1.97567442	2.0	0.001998	0.0027960800000000003	2e-12	2e-12	2e-12	0.44624228222311124
D1270N/R74W	0.00068796	2e-12	1.97567442	2.0	2e-06	3.92e-06	2e-12	2e-12	2e-12	0.44181870000088896
D1270N/S1251N	0.03571204	2e-12	1.97567442	2.0	0.001998	0.0027960800000000003	2e-12	2e-12	2e-12	0.44624228222311124
D1270N/S1255P	0.03571204	2e-12	1.97567442	2.0	0.001998	0.0027960800000000003	2e-12	2e-12	2e-12	0.44624228222311124
D1270N/S549N	0.03571204	2e-12	0.0019878	2.0	0.001998	0.0027960800000000003	2e-12	2e-12	2e-12	0.22694376888977782
D1270N/S549R(A>C)	0.03571204	2e-12	1.97567442	2.0	0.001998	0.0027960800000000003	2e-12	2e-12	2e-12	0.44624228222311124
D1270N/S549R(T>G)	0.03571204	2e-12	1.97567442	2.0	0.001998	0.0027960800000000003	2e-12	2e-12	2e-12	0.44624228222311124
D1270N/S945L	0.03571204	2e-12	1.97567442	2.0	0.001998	0.0027960800000000003	2e-12	2e-12	2e-12	0.44624228222311124
D1270N/S977F	0.03571204	2e-12	1.97567442	2.0	0.001998	0.0027960800000000003	2e-12	2e-12	2e-12	0.44624228222311124
D1270N/ivacaftor non-responsive CFTR sequence	0.03571204	2e-12	1.97567442	2.0	0.001998	0.0027960800000000003	2e-12	2e-12	2e-12	0.44624228222311124
D579G/D579G	0.9625572099999999	1e-12	0.98783721	1.0	0.998001	0.99720196	1e-12	1e-12	1e-12	0.5495108200004445
D579G/E193K	1.9251144199999999	2e-12	1.97567442	2.0	1.996002	1.99440392	2e-12	2e-12	2e-12	1.099021640000889
D579G/E56K	1.9251144199999999	2e-12	1.97567442	2.0	1.996002	1.99440392	2e-12	2e-12	2e-12	1.099021640000889
D579G/E831X	1.9251144199999999	2e-12	1.97567442	2.0	1.996002	1.99440392	2e-12	2e-12	2e-12	1.099021640000889
D579G/F1052V	1.9251144199999999	2e-12	1.97567442	2.0	1.996002	1.99440392	2e-12	2e-12	2e-12	1.099021640000889
D579G/F1074L	1.9251144199999999	2e-12	1.97567442	2.0	0.001998	1.99440392	2e-12	2e-12	2e-12	0.877465640000889
D579G/G1069R	1.9251144199999999	2e-12	0.0019878	2.0	0.001998	1.99440392	2e-12	2e-12	2e-12	0.6581671266675556
D579G/G1244E	1.9251144199999999	2e-12	1.97567442	2.0	1.996002	1.99440392	2e-12	2e-12	2e-12	1.099021640000889
D579G/G1349D	1.9251144199999999	2e-12	1.97567442	2.0	1.996002	1.99440392	2e-12	2e-12	2e-12	1.099021640000889
D579G/G178R	1.9251144199999999	2e-12	1.97567442	2.0	1.996002	1.99440392	2e-12	2e-12	2e-12	1.099021640000889
D579G/G551D	1.9251144199999999	2e-12	1.97567442	2.0	1.996002	1.99440392	2e-12	2e-12	2e-12	1.099021640000889
D579G/G551S	1.9251144199999999	2e-12	1.97567442	2.0	1.996002	1.99440392	2e-12	2e-12	2e-12	1.099021640000889
D579G/K1060T	1.9251144199999999	2e-12	1.97567442	2.0	1.996002	1.99440392	2e-12	2e-12	2e-12	1.099021640000889
D579G/L206W	1.9251144199999999	2e-12	1.97567442	2.0	1.996002	1.99440392	2e-12	2e-12	2e-12	1.099021640000889
D579G/P67L	1.9251144199999999	2e-12	1.97567442	2.0	1.996002	1.99440392	2e-12	2e-12	2e-12	1.099021640000889
D579G/R1070Q	1.9251144199999999	2e-12	0.01212558	2.0	1.996002	1.99440392	2e-12	2e-12	2e-12	0.8808495466675557
D579G/R1070W	0.0015697600000000001	2e-12	1.97567442	2.0	1.996002	1.99440392	2e-12	2e-12	2e-12	0.8852944555564445
D579G/R117C	1.9251144199999999	2e-12	1.97567442	2.0	1.996002	1.99440392	2e-12	2e-12	2e-12	1.099021640000889
D579G/R117H	1.9251144199999999	2e-12	1.97567442	2.0	1.996002	1.99440392	2e-12	2e-12	2e-12	1.099021640000889
D579G/R347H	1.9251144199999999	2e-12	1.97567442	2.0	1.996002	1.99440392	2e-12	2e-12	2e-12	1.099021640000889
D579G/R352Q	1.9251144199999999	2e-12	1.97567442	2.0	1.996002	1.99440392	2e-12	2e-12	2e-12	1.099021640000889
D579G/R74W	0.03708558	2e-12	1.97567442	2.0	0.001998	0.0027960800000000003	2e-12	2e-12	2e-12	0.44639489777866687
D579G/S1251N	1.9251144199999999	2e-12	1.97567442	2.0	1.996002	1.99440392	2e-12	2e-12	2e-12	1.099021640000889
D579G/S1255P	1.9251144199999999	2e-12	1.97567442	2.0	1.996002	1.99440392	2e-12	2e-12	2e-12	1.099021640000889
D579G/S549N	1.9251144199999999	2e-12	0.0019878	2.0	1.996002	1.99440392	2e-12	2e-12	2e-12	0.8797231266675556
D579G/S549R(A>C)	1.9251144199999999	2e-12	1.97567442	2.0	1.996002	1.99440392	2e-12	2e-12	2e-12	1.099021640000889
D579G/S549R(T>G)	1.9251144199999999	2e-12	1.97567442	2.0	1.996002	1.99440392	2e-12	2e-12	2e-12	1.099021640000889
D579G/S945L	1.9251144199999999	2e-12	1.97567442	2.0	1.996002	1.99440392	2e-12	2e-12	2e-12	1.099021640000889
D579G/S977F	1.9251144199999999	2e-12	1.97567442	2.0	1.996002	1.99440392	2e-12	2e-12	2e-12	1.099021640000889
D579G/ivacaftor non-responsive CFTR sequence	1.9251144199999999	2e-12	1.97567442	2.0	1.996002	1.99440392	2e-12	2e-12	2e-12	1.099021640000889
E193K/E193K	0.9625572099999999	1e-12	0.98783721	1.0	0.998001	0.99720196	1e-12	1e-12	1e-12	0.5495108200004445
E193K/E56K	1.9251144199999999	2e-12	1.97567442	2.0	1.996002	1.99440392	2e-12	2e-12	2e-12	1.099021640000889
E193K/E831X	1.9251144199999999	2e-12	1.97567442	2.0	1.996002	1.99440392	2e-12	2e-12	2e-12	1.099021640000889
E193K/F1052V	1.9251144199999999	2e-12	1.97567442	2.0	1.996002	1.99440392	2e-12	2e-12	2e-12	1.099021640000889
E193K/F1074L	1.9251144199999999	2e-12	1.97567442	2.0	0.001998	1.99440392	2e-12	2e-12	2e-12	0.877465640000889
E193K/G1069R	1.9251144199999999	2e-12	0.0019878	2.0	0.001998	1.99440392	2e-12	2e-12	2e-12	0.6581671266675556
E193K/G1244E	1.9251144199999999	2e-12	1.97567442	2.0	1.996002	1.99440392	2e-12	2e-12	2e-12	1.099021640000889
E193K/G1349D	1.9251144199999999	2e-12	1.97567442	2.0	1.996002	1.99440392	2e-12	2e-12	2e-12	1.099021640000889
E193K/G178R	1.9251144199999999	2e-12	1.97567442	2.0	1.996002	1.99440392	2e-12	2e-12	2e-12	1.099021640000889
E193K/G551D	1.9251144199999999	2e-12	1.97567442	2.0	1.996002	1.99440392	2e-12	2e-12	2e-12	1.099021640000889
E193K/G551S	1.9251144199999999	2e-12	1.97567442	2.0	1.996002	1.99440392	2e-12	2e-12	2e-12	1.099021640000889
E193K/K1060T	1.9251144199999999	2e-12	1.97567442	2.0	1.996002	1.99440392	2e-12	2e-12	2e-12	1.099021640000889
E193K/L206W	1.9251144199999999	2e-12	1.97567442	2.0	1.996002	1.99440392	2e-12	2e-12	2e-12	1.099021640000889
E193K/P67L	1.9251144199999999	2e-12	1.97567442	2.0	1.996002	1.99440392	2e-12	2e-12	2e-12	1.099021640000889
E193K/R1070Q	1.9251144199999999	2e-12	0.01212558	2.0	1.996002	1.99440392	2e-12	2e-12	2e-12	0.8808495466675557
E193K/R1070W	0.0015697600000000001	2e-12	1.97567442	2.0	1.996002	1.99440392	2e-12	2e-12	2e-12	0.8852944555564445
E193K/R117C	1.9251144199999999	2e-12	1.97567442	2.0	1.996002	1.99440392	2e-12	2e-12	2e-12	1.099021640000889
E193K/R117H	1.9251144199999999	2e-12	1.97567442	2.0	1.996002	1.99440392	2e-12	2e-12	2e-12	1.099021640000889
E193K/R347H	1.9251144199999999	2e-12	1.97567442	2.0	1.996002	1.99440392	2e-12	2e-12	2e-12	1.099021640000889
E193K/R352Q	1.9251144199999999	2e-12	1.97567442	2.0	1.996002	1.99440392	2e-12	2e-12	2e-12	1.099021640000889
E193K/R74W	0.03708558	2e-12	1.97567442	2.0	0.001998	0.0027960800000000003	2e-12	2e-12	2e-12	0.44639489777866687
E193K/S1251N	1.9251144199999999	2e-12	1.97567442	2.0	1.996002	1.99440392	2e-12	2e-12	2e-12	1.099021640000889
E193K/S1255P	1.9251144199999999	2e-12	1.97567442	2.0	1.996002	1.99440392	2e-12	2e-12	2e-12	1.099021640000889
E193K/S549N	1.9251144199999999	2e-12	0.0019878	2.0	1.996002	1.99440392	2e-12	2e-12	2e-12	0.8797231266675556
E193K/S549R(A>C)	1.9251144199999999	2e-12	1.97567442	2.0	1.996002	1.99440392	2e-12	2e-12	2e-12	1.099021640000889
E193K/S549R(T>G)	1.9251144199999999	2e-12	1.97567442	2.0	1.996002	1.99440392	2e-12	2e-12	2e-12	1.099021640000889
E193K/S945L	1.9251144199999999	2e-12	1.97567442	2.0	1.996002	1.99440392	2e-12	2e-12	2e-12	1.099021640000889
E193K/S977F	1.9251144199999999	2e-12	1.97567442	2.0	1.996002	1.99440392	2e-12	2e-12	2e-12	1.099021640000889
E193K/ivacaftor non-responsive CFTR sequence	1.9251144199999999	2e-12	1.97567442	2.0	1.996002	1.99440392	2e-12	2e-12	2e-12	1.099021640000889
E56K/E56K	0.9625572099999999	1e-12	0.98783721	1.0	0.998001	0.99720196	1e-12	1e-12	1e-12	0.5495108200004445
E56K/E831X	1.9251144199999999	2e-12	1.97567442	2.0	1.996002	1.99440392	2e-12	2e-12	2e-12	1.099021640000889
E56K/F1052V	1.9251144199999999	2e-12	1.97567442	2.0	1.996002	1.99440392	2e-12	2e-12	2e-12	1.099021640000889
E56K/F1074L	1.9251144199999999	2e-12	1.97567442	2.0	0.001998	1.99440392	2e-12	2e-12	2e-12	0.877465640000889
E56K/G1069R	1.9251144199999999	2e-12	0.0019878	2.0	0.001998	1.99440392	2e-12	2e-12	2e-12	0.6581671266675556
E56K/G1244E	1.9251144199999999	2e-12	1.97567442	2.0	1.996002	1.99440392	2e-12	2e-12	2e-12	1.099021640000889
E56K/G1349D	1.9251144199999999	2e-12	1.97567442	2.0	1.996002	1.99440392	2e-12	2e-12	2e-12	1.099021640000889
E56K/G178R	1.9251144199999999	2e-12	1.97567442	2.0	1.996002	1.99440392	2e-12	2e-12	2e-12	1.099021640000889
E56K/G551D	1.9251144199999999	2e-12	1.97567442	2.0	1.996002	1.99440392	2e-12	2e-12	2e-12	1.099021640000889
E56K/G551S	1.9251144199999999	2e-12	1.97567442	2.0	1.996002	1.99440392	2e-12	2e-12	2e-12	1.099021640000889
E56K/K1060T	1.9251144199999999	2e-12	1.97567442	2.0	1.996002	1.99440392	2e-12	2e-12	2e-12	1.099021640000889
E56K/L206W	1.9251144199999999	2e-12	1.97567442	2.0	1.996002	1.99440392	2e-12	2e-12	2e-12	1.099021640000889
E56K/P67L	1.9251144199999999	2e-12	1.97567442	2.0	1.996002	1.99440392	2e-12	2e-12	2e-12	1.099021640000889
E56K/R1070Q	1.9251144199999999	2e-12	0.01212558	2.0	1.996002	1.99440392	2e-12	2e-12	2e-12	0.8808495466675557
E56K/R1070W	0.0015697600000000001	2e-12	1.97567442	2.0	1.996002	1.99440392	2e-12	2e-12	2e-12	0.8852944555564445
E56K/R117C	1.9251144199999999	2e-12	1.97567442	2.0	1.996002	1.99440392	2e-12	2e-12	2e-12	1.099021640000889
E56K/R117H	1.9251144199999999	2e-12	1.97567442	2.0	1.996002	1.99440392	2e-12	2e-12	2e-12	1.099021640000889
E56K/R347H	1.9251144199999999	2e-12	1.97567442	2.0	1.996002	1.99440392	2e-12	2e-12	2e-12	1.099021640000889
E56K/R352Q	1.9251144199999999	2e-12	1.97567442	2.0	1.996002	1.99440392	2e-12	2e-12	2e-12	1.099021640000889
E56K/R74W	0.03708558	2e-12	1.97567442	2.0	0.001998	0.0027960800000000003	2e-12	2e-12	2e-12	0.44639489777866687
E56K/S1251N	1.9251144199999999	2e-12	1.97567442	2.0	1.996002	1.99440392	2e-12	2e-12	2e-12	1.099021640000889
E56K/S1255P	1.9251144199999999	2e-12	1.97567442	2.0	1.996002	1.99440392	2e-12	2e-12	2e-12	1.099021640000889
E56K/S549N	1.9251144199999999	2e-12	0.0019878	2.0	1.996002	1.99440392	2e-12	2e-12	2e-12	0.8797231266675556
E56K/S549R(A>C)	1.9251144199999999	2e-12	1.97567442	2.0	1.996002	1.99440392	2e-12	2e-12	2e-12	1.099021640000889
E56K/S549R(T>G)	1.9251144199999999	2e-12	1.97567442	2.0	1.996002	1.99440392	2e-12	2e-12	2e-12	1.099021640000889
E56K/S945L	1.9251144199999999	2e-12	1.97567442	2.0	1.996002	1.99440392	2e-12	2e-12	2e-12	1.099021640000889
E56K/S977F	1.9251144199999999	2e-12	1.97567442	2.0	1.996002	1.99440392	2e-12	2e-12	2e-12	1.099021640000889
E56K/ivacaftor non-responsive CFTR sequence	1.9251144199999999	2e-12	1.97567442	2.0	1.996002	1.99440392	2e-12	2e-12	2e-12	1.099021640000889
E831X/E831X	0.9625572099999999	1e-12	0.98783721	1.0	0.998001	0.99720196	1e-12	1e-12	1e-12	0.5495108200004445
E831X/F1052V	1.9251144199999999	2e-12	1.97567442	2.0	1.996002	1.99440392	2e-12	2e-12	2e-12	1.099021640000889
E831X/F1074L	1.9251144199999999	2e-12	1.97567442	2.0	0.001998	1.99440392	2e-12	2e-12	2e-12	0.877465640000889
E831X/G1069R	1.9251144199999999	2e-12	0.0019878	2.0	0.001998	1.99440392	2e-12	2e-12	2e-12	0.6581671266675556
E831X/G1244E	1.9251144199999999	2e-12	1.97567442	2.0	1.996002	1.99440392	2e-12	2e-12	2e-12	1.099021640000889
E831X/G1349D	1.9251144199999999	2e-12	1.97567442	2.0	1.996002	1.99440392	2e-12	2e-12	2e-12	1.099021640000889
E831X/G178R	1.9251144199999999	2e-12	1.97567442	2.0	1.996002	1.99440392	2e-12	2e-12	2e-12	1.099021640000889
E831X/G551D	1.9251144199999999	2e-12	1.97567442	2.0	1.996002	1.99440392	2e-12	2e-12	2e-12	1.099021640000889
E831X/G551S	1.9251144199999999	2e-12	1.97567442	2.0	1.996002	1.99440392	2e-12	2e-12	2e-12	1.099021640000889
E831X/K1060T	1.9251144199999999	2e-12	1.97567442	2.0	1.996002	1.99440392	2e-12	2e-12	2e-12	1.099021640000889
E831X/L206W	1.9251144199999999	2e-12	1.97567442	2.0	1.996002	1.99440392	2e-12	2e-12	2e-12	1.099021640000889
E831X/P67L	1.9251144199999999	2e-12	1.97567442	2.0	1.996002	1.99440392	2e-12	2e-12	2e-12	1.099021640000889
E831X/R1070Q	1.9251144199999999	2e-12	0.01212558	2.0	1.996002	1.99440392	2e-12	2e-12	2e-12	0.8808495466675557
E831X/R1070W	0.0015697600000000001	2e-12	1.97567442	2.0	1.996002	1.99440392	2e-12	2e-12	2e-12	0.8852944555564445
E831X/R117C	1.9251144199999999	2e-12	1.97567442	2.0	1.996002	1.99440392	2e-12	2e-12	2e-12	1.099021640000889
E831X/R117H	1.9251144199999999	2e-12	1.97567442	2.0	1.996002	1.99440392	2e-12	2e-12	2e-12	1.099021640000889
E831X/R347H	1.9251144199999999	2e-12	1.97567442	2.0	1.996002	1.99440392	2e-12	2e-12	2e-12	1.099021640000889
E831X/R352Q	1.9251144199999999	2e-12	1.97567442	2.0	1.996002	1.99440392	2e-12	2e-12	2e-12	1.099021640000889
E831X/R74W	0.03708558	2e-12	1.97567442	2.0	0.001998	0.0027960800000000003	2e-12	2e-12	2e-12	0.44639489777866687
E831X/S1251N	1.9251144199999999	2e-12	1.97567442	2.0	1.996002	1.99440392	2e-12	2e-12	2e-12	1.099021640000889
E831X/S1255P	1.9251144199999999	2e-12	1.97567442	2.0	1.996002	1.99440392	2e-12	2e-12	2e-12	1.099021640000889
E831X/S549N	1.9251144199999999	2e-12	0.0019878	2.0	1.996002	1.99440392	2e-12	2e-12	2e-12	0.8797231266675556
E831X/S549R(A>C)	1.9251144199999999	2e-12	1.97567442	2.0	1.996002	1.99440392	2e-12	2e-12	2e-12	1.099021640000889
E831X/S549R(T>G)	1.9251144199999999	2e-12	1.97567442	2.0	1.996002	1.99440392	2e-12	2e-12	2e-12	1.099021640000889
E831X/S945L	1.9251144199999999	2e-12	1.97567442	2.0	1.996002	1.99440392	2e-12	2e-12	2e-12	1.099021640000889
E831X/S977F	1.9251144199999999	2e-12	1.97567442	2.0	1.996002	1.99440392	2e-12	2e-12	2e-12	1.099021640000889
E831X/ivacaftor non-responsive CFTR sequence	1.9251144199999999	2e-12	1.97567442	2.0	1.996002	1.99440392	2e-12	2e-12	2e-12	1.099021640000889
F1052V/F1052V	0.9625572099999999	1e-12	0.98783721	1.0	0.998001	0.99720196	1e-12	1e-12	1e-12	0.5495108200004445
F1052V/F1074L	1.9251144199999999	2e-12	1.97567442	2.0	0.001998	1.99440392	2e-12	2e-12	2e-12	0.877465640000889
F1052V/G1069R	1.9251144199999999	2e-12	0.0019878	2.0	0.001998	1.99440392	2e-12	2e-12	2e-12	0.6581671266675556
F1052V/G1244E	1.9251144199999999	2e-12	1.97567442	2.0	1.996002	1.99440392	2e-12	2e-12	2e-12	1.099021640000889
F1052V/G1349D	1.9251144199999999	2e-12	1.97567442	2.0	1.996002	1.99440392	2e-12	2e-12	2e-12	1.099021640000889
F1052V/G178R	1.9251144199999999	2e-12	1.97567442	2.0	1.996002	1.99440392	2e-12	2e-12	2e-12	1.099021640000889
F1052V/G551D	1.9251144199999999	2e-12	1.97567442	2.0	1.996002	1.99440392	2e-12	2e-12	2e-12	1.099021640000889
F1052V/G551S	1.9251144199999999	2e-12	1.97567442	2.0	1.996002	1.99440392	2e-12	2e-12	2e-12	1.099021640000889
F1052V/K1060T	1.9251144199999999	2e-12	1.97567442	2.0	1.996002	1.99440392	2e-12	2e-12	2e-12	1.099021640000889
F1052V/L206W	1.9251144199999999	2e-12	1.97567442	2.0	1.996002	1.99440392	2e-12	2e-12	2e-12	1.099021640000889
F1052V/P67L	1.9251144199999999	2e-12	1.97567442	2.0	1.996002	1.99440392	2e-12	2e-12	2e-12	1.099021640000889
F1052V/R1070Q	1.9251144199999999	2e-12	0.01212558	2.0	1.996002	1.99440392	2e-12	2e-12	2e-12	0.8808495466675557
F1052V/R1070W	0.0015697600000000001	2e-12	1.97567442	2.0	1.996002	1.99440392	2e-12	2e-12	2e-12	0.8852944555564445
F1052V/R117C	1.9251144199999999	2e-12	1.97567442	2.0	1.996002	1.99440392	2e-12	2e-12	2e-12	1.099021640000889
F1052V/R117H	1.9251144199999999	2e-12	1.97567442	2.0	1.996002	1.99440392	2e-12	2e-12	2e-12	1.099021640000889
F1052V/R347H	1.9251144199999999	2e-12	1.97567442	2.0	1.996002	1.99440392	2e-12	2e-12	2e-12	1.099021640000889
F1052V/R352Q	1.9251144199999999	2e-12	1.97567442	2.0	1.996002	1.99440392	2e-12	2e-12	2e-12	1.099021640000889
F1052V/R74W	0.03708558	2e-12	1.97567442	2.0	0.001998	0.0027960800000000003	2e-12	2e-12	2e-12	0.44639489777866687
F1052V/S1251N	1.9251144199999999	2e-12	1.97567442	2.0	1.996002	1.99440392	2e-12	2e-12	2e-12	1.099021640000889
F1052V/S1255P	1.9251144199999999	2e-12	1.97567442	2.0	1.996002	1.99440392	2e-12	2e-12	2e-12	1.099021640000889
F1052V/S549N	1.9251144199999999	2e-12	0.0019878	2.0	1.996002	1.99440392	2e-12	2e-12	2e-12	0.8797231266675556
F1052V/S549R(A>C)	1.9251144199999999	2e-12	1.97567442	2.0	1.996002	1.99440392	2e-12	2e-12	2e-12	1.099021640000889
F1052V/S549R(T>G)	1.9251144199999999	2e-12	1.97567442	2.0	1.996002	1.99440392	2e-12	2e-12	2e-12	1.099021640000889
F1052V/S945L	1.9251144199999999	2e-12	1.97567442	2.0	1.996002	1.99440392	2e-12	2e-12	2e-12	1.099021640000889
F1052V/S977F	1.9251144199999999	2e-12	1.97567442	2.0	1.996002	1.99440392	2e-12	2e-12	2e-12	1.099021640000889
F1052V/ivacaftor non-responsive CFTR sequence	1.9251144199999999	2e-12	1.97567442	2.0	1.996002	1.99440392	2e-12	2e-12	2e-12	1.099021640000889
F1074L/F1074L	0.9625572099999999	1e-12	0.98783721	1.0	1e-06	0.99720196	1e-12	1e-12	1e-12	0.43862193111155556
F1074L/G1069R	1.9251144199999999	2e-12	0.0019878	2.0	2e-06	1.99440392	2e-12	2e-12	2e-12	0.6579453488897777
F1074L/G1244E	1.9251144199999999	2e-12	1.97567442	2.0	0.001998	1.99440392	2e-12	2e-12	2e-12	0.877465640000889
F1074L/G1349D	1.9251144199999999	2e-12	1.97567442	2.0	0.001998	1.99440392	2e-12	2e-12	2e-12	0.877465640000889
F1074L/G178R	1.9251144199999999	2e-12	1.97567442	2.0	0.001998	1.99440392	2e-12	2e-12	2e-12	0.877465640000889
F1074L/G551D	1.9251144199999999	2e-12	1.97567442	2.0	0.001998	1.99440392	2e-12	2e-12	2e-12	0.877465640000889
F1074L/G551S	1.9251144199999999	2e-12	1.97567442	2.0	0.001998	1.99440392	2e-12	2e-12	2e-12	0.877465640000889
F1074L/K1060T	1.9251144199999999	2e-12	1.97567442	2.0	0.001998	1.99440392	2e-12	2e-12	2e-12	0.877465640000889
F1074L/L206W	1.9251144199999999	2e-12	1.97567442	2.0	0.001998	1.99440392	2e-12	2e-12	2e-12	0.877465640000889
F1074L/P67L	1.9251144199999999	2e-12	1.97567442	2.0	0.001998	1.99440392	2e-12	2e-12	2e-12	0.877465640000889
F1074L/R1070Q	1.9251144199999999	2e-12	0.01212558	2.0	0.001998	1.99440392	2e-12	2e-12	2e-12	0.6592935466675556
F1074L/R1070W	0.0015697600000000001	2e-12	1.97567442	2.0	0.001998	1.99440392	2e-12	2e-12	2e-12	0.6637384555564445
F1074L/R117C	1.9251144199999999	2e-12	1.97567442	2.0	0.001998	1.99440392	2e-12	2e-12	2e-12	0.877465640000889
F1074L/R117H	1.9251144199999999	2e-12	1.97567442	2.0	0.001998	1.99440392	2e-12	2e-12	2e-12	0.877465640000889
F1074L/R347H	1.9251144199999999	2e-12	1.97567442	2.0	0.001998	1.99440392	2e-12	2e-12	2e-12	0.877465640000889
F1074L/R352Q	1.9251144199999999	2e-12	1.97567442	2.0	0.001998	1.99440392	2e-12	2e-12	2e-12	0.877465640000889
F1074L/R74W	0.03708558	2e-12	1.97567442	2.0	2e-06	0.0027960800000000003	2e-12	2e-12	2e-12	0.44617312000088905
F1074L/S1251N	1.9251144199999999	2e-12	1.97567442	2.0	0.001998	1.99440392	2e-12	2e-12	2e-12	0.877465640000889
F1074L/S1255P	1.9251144199999999	2e-12	1.97567442	2.0	0.001998	1.99440392	2e-12	2e-12	2e-12	0.877465640000889
F1074L/S549N	1.9251144199999999	2e-12	0.0019878	2.0	0.001998	1.99440392	2e-12	2e-12	2e-12	0.6581671266675556
F1074L/S549R(A>C)	1.9251144199999999	2e-12	1.97567442	2.0	0.001998	1.99440392	2e-12	2e-12	2e-12	0.877465640000889
F1074L/S549R(T>G)	1.9251144199999999	2e-12	1.97567442	2.0	0.001998	1.99440392	2e-12	2e-12	2e-12	0.877465640000889
F1074L/S945L	1.9251144199999999	2e-12	1.97567442	2.0	0.001998	1.99440392	2e-12	2e-12	2e-12	0.877465640000889
F1074L/S977F	1.9251144199999999	2e-12	1.97567442	2.0	0.001998	1.99440392	2e-12	2e-12	2e-12	0.877465640000889
F1074L/ivacaftor non-responsive CFTR sequence	1.9251144199999999	2e-12	1.97567442	2.0	0.001998	1.99440392	2e-12	2e-12	2e-12	0.877465640000889
G1069R/G1069R	0.9625572099999999	1e-12	1e-06	1.0	1e-06	0.99720196	1e-12	1e-12	1e-12	0.3288623522226667
G1069R/G1244E	1.9251144199999999	2e-12	0.0019878	2.0	0.001998	1.99440392	2e-12	2e-12	2e-12	0.6581671266675556
G1069R/G1349D	1.9251144199999999	2e-12	0.0019878	2.0	0.001998	1.99440392	2e-12	2e-12	2e-12	0.6581671266675556
G1069R/G178R	1.9251144199999999	2e-12	0.0019878	2.0	0.001998	1.99440392	2e-12	2e-12	2e-12	0.6581671266675556
G1069R/G551D	1.9251144199999999	2e-12	0.0019878	2.0	0.001998	1.99440392	2e-12	2e-12	2e-12	0.6581671266675556
G1069R/G551S	1.9251144199999999	2e-12	0.0019878	2.0	0.001998	1.99440392	2e-12	2e-12	2e-12	0.6581671266675556
G1069R/K1060T	1.9251144199999999	2e-12	0.0019878	2.0	0.001998	1.99440392	2e-12	2e-12	2e-12	0.6581671266675556
G1069R/L206W	1.9251144199999999	2e-12	0.0019878	2.0	0.001998	1.99440392	2e-12	2e-12	2e-12	0.6581671266675556
G1069R/P67L	1.9251144199999999	2e-12	0.0019878	2.0	0.001998	1.99440392	2e-12	2e-12	2e-12	0.6581671266675556
G1069R/R1070Q	1.9251144199999999	2e-12	1.2200000000000002e-05	2.0	0.001998	1.99440392	2e-12	2e-12	2e-12	0.6579476155564445
G1069R/R1070W	0.0015697600000000001	2e-12	0.0019878	2.0	0.001998	1.99440392	2e-12	2e-12	2e-12	0.44443994222311123
G1069R/R117C	1.9251144199999999	2e-12	0.0019878	2.0	0.001998	1.99440392	2e-12	2e-12	2e-12	0.6581671266675556
G1069R/R117H	1.9251144199999999	2e-12	0.0019878	2.0	0.001998	1.99440392	2e-12	2e-12	2e-12	0.6581671266675556
G1069R/R347H	1.9251144199999999	2e-12	0.0019878	2.0	0.001998	1.99440392	2e-12	2e-12	2e-12	0.6581671266675556
G1069R/R352Q	1.9251144199999999	2e-12	0.0019878	2.0	0.001998	1.99440392	2e-12	2e-12	2e-12	0.6581671266675556
G1069R/R74W	0.03708558	2e-12	0.0019878	2.0	2e-06	0.0027960800000000003	2e-12	2e-12	2e-12	0.22687460666755557
G1069R/S1251N	1.9251144199999999	2e-12	0.0019878	2.0	0.001998	1.99440392	2e-12	2e-12	2e-12	0.6581671266675556
G1069R/S1255P	1.9251144199999999	2e-12	0.0019878	2.0	0.001998	1.99440392	2e-12	2e-12	2e-12	0.6581671266675556
G1069R/S549N	1.9251144199999999	2e-12	2e-06	2.0	0.001998	1.99440392	2e-12	2e-12	2e-12	0.6579464822231111
G1069R/S549R(A>C)	1.9251144199999999	2e-12	0.0019878	2.0	0.001998	1.99440392	2e-12	2e-12	2e-12	0.6581671266675556
G1069R/S549R(T>G)	1.9251144199999999	2e-12	0.0019878	2.0	0.001998	1.99440392	2e-12	2e-12	2e-12	0.6581671266675556
G1069R/S945L	1.9251144199999999	2e-12	0.0019878	2.0	0.001998	1.99440392	2e-12	2e-12	2e-12	0.6581671266675556
G1069R/S977F	1.9251144199999999	2e-12	0.0019878	2.0	0.001998	1.99440392	2e-12	2e-12	2e-12	0.6581671266675556
G1069R/ivacaftor non-responsive CFTR sequence	1.9251144199999999	2e-12	0.0019878	2.0	0.001998	1.99440392	2e-12	2e-12	2e-12	0.6581671266675556
G1244E/G1244E	0.9625572099999999	1e-12	0.98783721	1.0	0.998001	0.99720196	1e-12	1e-12	1e-12	0.5495108200004445
G1244E/G1349D	1.9251144199999999	2e-12	1.97567442	2.0	1.996002	1.99440392	2e-12	2e-12	2e-12	1.099021640000889
G1244E/G178R	1.9251144199999999	2e-12	1.97567442	2.0	1.996002	1.99440392	2e-12	2e-12	2e-12	1.099021640000889
G1244E/G551D	1.9251144199999999	2e-12	1.97567442	2.0	1.996002	1.99440392	2e-12	2e-12	2e-12	1.099021640000889
G1244E/G551S	1.9251144199999999	2e-12	1.97567442	2.0	1.996002	1.99440392	2e-12	2e-12	2e-12	1.099021640000889
G1244E/K1060T	1.9251144199999999	2e-12	1.97567442	2.0	1.996002	1.99440392	2e-12	2e-12	2e-12	1.099021640000889
G1244E/L206W	1.9251144199999999	2e-12	1.97567442	2.0	1.996002	1.99440392	2e-12	2e-12	2e-12	1.099021640000889
G1244E/P67L	1.9251144199999999	2e-12	1.97567442	2.0	1.996002	1.99440392	2e-12	2e-12	2e-12	1.099021640000889
G1244E/R1070Q	1.9251144199999999	2e-12	0.01212558	2.0	1.996002	1.99440392	2e-12	2e-12	2e-12	0.8808495466675557
G1244E/R1070W	0.0015697600000000001	2e-12	1.97567442	2.0	1.996002	1.99440392	2e-12	2e-12	2e-12	0.8852944555564445
G1244E/R117C	1.9251144199999999	2e-12	1.97567442	2.0	1.996002	1.99440392	2e-12	2e-12	2e-12	1.099021640000889
G1244E/R117H	1.9251144199999999	2e-12	1.97567442	2.0	1.996002	1.99440392	2e-12	2e-12	2e-12	1.099021640000889
G1244E/R347H	1.9251144199999999	2e-12	1.97567442	2.0	1.996002	1.99440392	2e-12	2e-12	2e-12	1.099021640000889
G1244E/R352Q	1.9251144199999999	2e-12	1.97567442	2.0	1.996002	1.99440392	2e-12	2e-12	2e-12	1.099021640000889
G1244E/R74W	0.03708558	2e-12	1.97567442	2.0	0.001998	0.0027960800000000003	2e-12	2e-12	2e-12	0.44639489777866687
G1244E/S1251N	1.9251144199999999	2e-12	1.97567442	2.0	1.996002	1.99440392	2e-12	2e-12	2e-12	1.099021640000889
G1244E/S1255P	1.9251144199999999	2e-12	1.97567442	2.0	1.996002	1.99440392	2e-12	2e-12	2e-12	1.099021640000889
G1244E/S549N	1.9251144199999999	2e-12	0.0019878	2.0	1.996002	1.99440392	2e-12	2e-12	2e-12	0.8797231266675556
G1244E/S549R(A>C)	1.9251144199999999	2e-12	1.97567442	2.0	1.996002	1.99440392	2e-12	2e-12	2e-12	1.099021640000889
G1244E/S549R(T>G)	1.9251144199999999	2e-12	1.97567442	2.0	1.996002	1.99440392	2e-12	2e-12	2e-12	1.099021640000889
G1244E/S945L	1.9251144199999999	2e-12	1.97567442	2.0	1.996002	1.99440392	2e-12	2e-12	2e-12	1.099021640000889
G1244E/S977F	1.9251144199999999	2e-12	1.97567442	2.0	1.996002	1.99440392	2e-12	2e-12	2e-12	1.099021640000889
G1244E/ivacaftor non-responsive CFTR sequence	1.9251144199999999	2e-12	1.97567442	2.0	1.996002	1.99440392	2e-12	2e-12	2e-12	1.099021640000889
G1349D/G1349D	0.9625572099999999	1e-12	0.98783721	1.0	0.998001	0.99720196	1e-12	1e-12	1e-12	0.5495108200004445
G1349D/G178R	1.9251144199999999	2e-12	1.97567442	2.0	1.996002	1.99440392	2e-12	2e-12	2e-12	1.099021640000889
G1349D/G551D	1.9251144199999999	2e-12	1.97567442	2.0	1.996002	1.99440392	2e-12	2e-12	2e-12	1.099021640000889
G1349D/G551S	1.9251144199999999	2e-12	1.97567442	2.0	1.996002	1.99440392	2e-12	2e-12	2e-12	1.099021640000889
G1349D/K1060T	1.9251144199999999	2e-12	1.97567442	2.0	1.996002	1.99440392	2e-12	2e-12	2e-12	1.099021640000889
G1349D/L206W	1.9251144199999999	2e-12	1.97567442	2.0	1.996002	1.99440392	2e-12	2e-12	2e-12	1.099021640000889
G1349D/P67L	1.9251144199999999	2e-12	1.97567442	2.0	1.996002	1.99440392	2e-12	2e-12	2e-12	1.099021640000889
G1349D/R1070Q	1.9251144199999999	2e-12	0.01212558	2.0	1.996002	1.99440392	2e-12	2e-12	2e-12	0.8808495466675557
G1349D/R1070W	0.0015697600000000001	2e-12	1.97567442	2.0	1.996002	1.99440392	2e-12	2e-12	2e-12	0.8852944555564445
G1349D/R117C	1.9251144199999999	2e-12	1.97567442	2.0	1.996002	1.99440392	2e-12	2e-12	2e-12	1.099021640000889
G1349D/R117H	1.9251144199999999	2e-12	1.97567442	2.0	1.996002	1.99440392	2e-12	2e-12	2e-12	1.099021640000889
G1349D/R347H	1.9251144199999999	2e-12	1.97567442	2.0	1.996002	1.99440392	2e-12	2e-12	2e-12	1.099021640000889
G1349D/R352Q	1.9251144199999999	2e-12	1.97567442	2.0	1.996002	1.99440392	2e-12	2e-12	2e-12	1.099021640000889
G1349D/R74W	0.03708558	2e-12	1.97567442	2.0	0.001998	0.0027960800000000003	2e-12	2e-12	2e-12	0.44639489777866687
G1349D/S1251N	1.9251144199999999	2e-12	1.97567442	2.0	1.996002	1.99440392	2e-12	2e-12	2e-12	1.099021640000889
G1349D/S1255P	1.9251144199999999	2e-12	1.97567442	2.0	1.996002	1.99440392	2e-12	2e-12	2e-12	1.099021640000889
G1349D/S549N	1.9251144199999999	2e-12	0.0019878	2.0	1.996002	1.99440392	2e-12	2e-12	2e-12	0.8797231266675556
G1349D/S549R(A>C)	1.9251144199999999	2e-12	1.97567442	2.0	1.996002	1.99440392	2e-12	2e-12	2e-12	1.099021640000889
G1349D/S549R(T>G)	1.9251144199999999	2e-12	1.97567442	2.0	1.996002	1.99440392	2e-12	2e-12	2e-12	1.099021640000889
G1349D/S945L	1.9251144199999999	2e-12	1.97567442	2.0	1.996002	1.99440392	2e-12	2e-12	2e-12	1.099021640000889
G1349D/S977F	1.9251144199999999	2e-12	1.97567442	2.0	1.996002	1.99440392	2e-12	2e-12	2e-12	1.099021640000889
G1349D/ivacaftor non-responsive CFTR sequence	1.9251144199999999	2e-12	1.97567442	2.0	1.996002	1.99440392	2e-12	2e-12	2e-12	1.099021640000889
G178R/G178R	0.9625572099999999	1e-12	0.98783721	1.0	0.998001	0.99720196	1e-12	1e-12	1e-12	0.5495108200004445
G178R/G551D	1.9251144199999999	2e-12	1.97567442	2.0	1.996002	1.99440392	2e-12	2e-12	2e-12	1.099021640000889
G178R/G551S	1.9251144199999999	2e-12	1.97567442	2.0	1.996002	1.99440392	2e-12	2e-12	2e-12	1.099021640000889
G178R/K1060T	1.9251144199999999	2e-12	1.97567442	2.0	1.996002	1.99440392	2e-12	2e-12	2e-12	1.099021640000889
G178R/L206W	1.9251144199999999	2e-12	1.97567442	2.0	1.996002	1.99440392	2e-12	2e-12	2e-12	1.099021640000889
G178R/P67L	1.9251144199999999	2e-12	1.97567442	2.0	1.996002	1.99440392	2e-12	2e-12	2e-12	1.099021640000889
G178R/R1070Q	1.9251144199999999	2e-12	0.01212558	2.0	1.996002	1.99440392	2e-12	2e-12	2e-12	0.8808495466675557
G178R/R1070W	0.0015697600000000001	2e-12	1.97567442	2.0	1.996002	1.99440392	2e-12	2e-12	2e-12	0.8852944555564445
G178R/R117C	1.9251144199999999	2e-12	1.97567442	2.0	1.996002	1.99440392	2e-12	2e-12	2e-12	1.099021640000889
G178R/R117H	1.9251144199999999	2e-12	1.97567442	2.0	1.996002	1.99440392	2e-12	2e-12	2e-12	1.099021640000889
G178R/R347H	1.9251144199999999	2e-12	1.97567442	2.0	1.996002	1.99440392	2e-12	2e-12	2e-12	1.099021640000889
G178R/R352Q	1.9251144199999999	2e-12	1.97567442	2.0	1.996002	1.99440392	2e-12	2e-12	2e-12	1.099021640000889
G178R/R74W	0.03708558	2e-12	1.97567442	2.0	0.001998	0.0027960800000000003	2e-12	2e-12	2e-12	0.44639489777866687
G178R/S1251N	1.9251144199999999	2e-12	1.97567442	2.0	1.996002	1.99440392	2e-12	2e-12	2e-12	1.099021640000889
G178R/S1255P	1.9251144199999999	2e-12	1.97567442	2.0	1.996002	1.99440392	2e-12	2e-12	2e-12	1.099021640000889
G178R/S549N	1.9251144199999999	2e-12	0.0019878	2.0	1.996002	1.99440392	2e-12	2e-12	2e-12	0.8797231266675556
G178R/S549R(A>C)	1.9251144199999999	2e-12	1.97567442	2.0	1.996002	1.99440392	2e-12	2e-12	2e-12	1.099021640000889
G178R/S549R(T>G)	1.9251144199999999	2e-12	1.97567442	2.0	1.996002	1.99440392	2e-12	2e-12	2e-12	1.099021640000889
G178R/S945L	1.9251144199999999	2e-12	1.97567442	2.0	1.996002	1.99440392	2e-12	2e-12	2e-12	1.099021640000889
G178R/S977F	1.9251144199999999	2e-12	1.97567442	2.0	1.996002	1.99440392	2e-12	2e-12	2e-12	1.099021640000889
G178R/ivacaftor non-responsive CFTR sequence	1.9251144199999999	2e-12	1.97567442	2.0	1.996002	1.99440392	2e-12	2e-12	2e-12	1.099021640000889
G551D/G551D	0.9625572099999999	1e-12	0.98783721	1.0	0.998001	0.99720196	1e-12	1e-12	1e-12	0.5495108200004445
G551D/G551S	1.9251144199999999	2e-12	1.97567442	2.0	1.996002	1.99440392	2e-12	2e-12	2e-12	1.099021640000889
G551D/K1060T	1.9251144199999999	2e-12	1.97567442	2.0	1.996002	1.99440392	2e-12	2e-12	2e-12	1.099021640000889
G551D/L206W	1.9251144199999999	2e-12	1.97567442	2.0	1.996002	1.99440392	2e-12	2e-12	2e-12	1.099021640000889
G551D/P67L	1.9251144199999999	2e-12	1.97567442	2.0	1.996002	1.99440392	2e-12	2e-12	2e-12	1.099021640000889
G551D/R1070Q	1.9251144199999999	2e-12	0.01212558	2.0	1.996002	1.99440392	2e-12	2e-12	2e-12	0.8808495466675557
G551D/R1070W	0.0015697600000000001	2e-12	1.97567442	2.0	1.996002	1.99440392	2e-12	2e-12	2e-12	0.8852944555564445
G551D/R117C	1.9251144199999999	2e-12	1.97567442	2.0	1.996002	1.99440392	2e-12	2e-12	2e-12	1.099021640000889
G551D/R117H	1.9251144199999999	2e-12	1.97567442	2.0	1.996002	1.99440392	2e-12	2e-12	2e-12	1.099021640000889
G551D/R347H	1.9251144199999999	2e-12	1.97567442	2.0	1.996002	1.99440392	2e-12	2e-12	2e-12	1.099021640000889
G551D/R352Q	1.9251144199999999	2e-12	1.97567442	2.0	1.996002	1.99440392	2e-12	2e-12	2e-12	1.099021640000889
G551D/R74W	0.03708558	2e-12	1.97567442	2.0	0.001998	0.0027960800000000003	2e-12	2e-12	2e-12	0.44639489777866687
G551D/S1251N	1.9251144199999999	2e-12	1.97567442	2.0	1.996002	1.99440392	2e-12	2e-12	2e-12	1.099021640000889
G551D/S1255P	1.9251144199999999	2e-12	1.97567442	2.0	1.996002	1.99440392	2e-12	2e-12	2e-12	1.099021640000889
G551D/S549N	1.9251144199999999	2e-12	0.0019878	2.0	1.996002	1.99440392	2e-12	2e-12	2e-12	0.8797231266675556
G551D/S549R(A>C)	1.9251144199999999	2e-12	1.97567442	2.0	1.996002	1.99440392	2e-12	2e-12	2e-12	1.099021640000889
G551D/S549R(T>G)	1.9251144199999999	2e-12	1.97567442	2.0	1.996002	1.99440392	2e-12	2e-12	2e-12	1.099021640000889
G551D/S945L	1.9251144199999999	2e-12	1.97567442	2.0	1.996002	1.99440392	2e-12	2e-12	2e-12	1.099021640000889
G551D/S977F	1.9251144199999999	2e-12	1.97567442	2.0	1.996002	1.99440392	2e-12	2e-12	2e-12	1.099021640000889
G551D/ivacaftor non-responsive CFTR sequence	1.9251144199999999	2e-12	1.97567442	2.0	1.996002	1.99440392	2e-12	2e-12	2e-12	1.099021640000889
G551S/G551S	0.9625572099999999	1e-12	0.98783721	1.0	0.998001	0.99720196	1e-12	1e-12	1e-12	0.5495108200004445
G551S/K1060T	1.9251144199999999	2e-12	1.97567442	2.0	1.996002	1.99440392	2e-12	2e-12	2e-12	1.099021640000889
G551S/L206W	1.9251144199999999	2e-12	1.97567442	2.0	1.996002	1.99440392	2e-12	2e-12	2e-12	1.099021640000889
G551S/P67L	1.9251144199999999	2e-12	1.97567442	2.0	1.996002	1.99440392	2e-12	2e-12	2e-12	1.099021640000889
G551S/R1070Q	1.9251144199999999	2e-12	0.01212558	2.0	1.996002	1.99440392	2e-12	2e-12	2e-12	0.8808495466675557
G551S/R1070W	0.0015697600000000001	2e-12	1.97567442	2.0	1.996002	1.99440392	2e-12	2e-12	2e-12	0.8852944555564445
G551S/R117C	1.9251144199999999	2e-12	1.97567442	2.0	1.996002	1.99440392	2e-12	2e-12	2e-12	1.099021640000889
G551S/R117H	1.9251144199999999	2e-12	1.97567442	2.0	1.996002	1.99440392	2e-12	2e-12	2e-12	1.099021640000889
G551S/R347H	1.9251144199999999	2e-12	1.97567442	2.0	1.996002	1.99440392	2e-12	2e-12	2e-12	1.099021640000889
G551S/R352Q	1.9251144199999999	2e-12	1.97567442	2.0	1.996002	1.99440392	2e-12	2e-12	2e-12	1.099021640000889
G551S/R74W	0.03708558	2e-12	1.97567442	2.0	0.001998	0.0027960800000000003	2e-12	2e-12	2e-12	0.44639489777866687
G551S/S1251N	1.9251144199999999	2e-12	1.97567442	2.0	1.996002	1.99440392	2e-12	2e-12	2e-12	1.099021640000889
G551S/S1255P	1.9251144199999999	2e-12	1.97567442	2.0	1.996002	1.99440392	2e-12	2e-12	2e-12	1.099021640000889
G551S/S549N	1.9251144199999999	2e-12	0.0019878	2.0	1.996002	1.99440392	2e-12	2e-12	2e-12	0.8797231266675556
G551S/S549R(A>C)	1.9251144199999999	2e-12	1.97567442	2.0	1.996002	1.99440392	2e-12	2e-12	2e-12	1.099021640000889
G551S/S549R(T>G)	1.9251144199999999	2e-12	1.97567442	2.0	1.996002	1.99440392	2e-12	2e-12	2e-12	1.099021640000889
G551S/S945L	1.9251144199999999	2e-12	1.97567442	2.0	1.996002	1.99440392	2e-12	2e-12	2e-12	1.099021640000889
G551S/S977F	1.9251144199999999	2e-12	1.97567442	2.0	1.996002	1.99440392	2e-12	2e-12	2e-12	1.099021640000889
G551S/ivacaftor non-responsive CFTR sequence	1.9251144199999999	2e-12	1.97567442	2.0	1.996002	1.99440392	2e-12	2e-12	2e-12	1.099021640000889
K1060T/K1060T	0.9625572099999999	1e-12	0.98783721	1.0	0.998001	0.99720196	1e-12	1e-12	1e-12	0.5495108200004445
K1060T/L206W	1.9251144199999999	2e-12	1.97567442	2.0	1.996002	1.99440392	2e-12	2e-12	2e-12	1.099021640000889
K1060T/P67L	1.9251144199999999	2e-12	1.97567442	2.0	1.996002	1.99440392	2e-12	2e-12	2e-12	1.099021640000889
K1060T/R1070Q	1.9251144199999999	2e-12	0.01212558	2.0	1.996002	1.99440392	2e-12	2e-12	2e-12	0.8808495466675557
K1060T/R1070W	0.0015697600000000001	2e-12	1.97567442	2.0	1.996002	1.99440392	2e-12	2e-12	2e-12	0.8852944555564445
K1060T/R117C	1.9251144199999999	2e-12	1.97567442	2.0	1.996002	1.99440392	2e-12	2e-12	2e-12	1.099021640000889
K1060T/R117H	1.9251144199999999	2e-12	1.97567442	2.0	1.996002	1.99440392	2e-12	2e-12	2e-12	1.099021640000889
K1060T/R347H	1.9251144199999999	2e-12	1.97567442	2.0	1.996002	1.99440392	2e-12	2e-12	2e-12	1.099021640000889
K1060T/R352Q	1.9251144199999999	2e-12	1.97567442	2.0	1.996002	1.99440392	2e-12	2e-12	2e-12	1.099021640000889
K1060T/R74W	0.03708558	2e-12	1.97567442	2.0	0.001998	0.0027960800000000003	2e-12	2e-12	2e-12	0.44639489777866687
K1060T/S1251N	1.9251144199999999	2e-12	1.97567442	2.0	1.996002	1.99440392	2e-12	2e-12	2e-12	1.099021640000889
K1060T/S1255P	1.9251144199999999	2e-12	1.97567442	2.0	1.996002	1.99440392	2e-12	2e-12	2e-12	1.099021640000889
K1060T/S549N	1.9251144199999999	2e-12	0.0019878	2.0	1.996002	1.99440392	2e-12	2e-12	2e-12	0.8797231266675556
K1060T/S549R(A>C)	1.9251144199999999	2e-12	1.97567442	2.0	1.996002	1.99440392	2e-12	2e-12	2e-12	1.099021640000889
K1060T/S549R(T>G)	1.9251144199999999	2e-12	1.97567442	2.0	1.996002	1.99440392	2e-12	2e-12	2e-12	1.099021640000889
K1060T/S945L	1.9251144199999999	2e-12	1.97567442	2.0	1.996002	1.99440392	2e-12	2e-12	2e-12	1.099021640000889
K1060T/S977F	1.9251144199999999	2e-12	1.97567442	2.0	1.996002	1.99440392	2e-12	2e-12	2e-12	1.099021640000889
K1060T/ivacaftor non-responsive CFTR sequence	1.9251144199999999	2e-12	1.97567442	2.0	1.996002	1.99440392	2e-12	2e-12	2e-12	1.099021640000889
L206W/L206W	0.9625572099999999	1e-12	0.98783721	1.0	0.998001	0.99720196	1e-12	1e-12	1e-12	0.5495108200004445
L206W/P67L	1.9251144199999999	2e-12	1.97567442	2.0	1.996002	1.99440392	2e-12	2e-12	2e-12	1.099021640000889
L206W/R1070Q	1.9251144199999999	2e-12	0.01212558	2.0	1.996002	1.99440392	2e-12	2e-12	2e-12	0.8808495466675557
L206W/R1070W	0.0015697600000000001	2e-12	1.97567442	2.0	1.996002	1.99440392	2e-12	2e-12	2e-12	0.8852944555564445
L206W/R117C	1.9251144199999999	2e-12	1.97567442	2.0	1.996002	1.99440392	2e-12	2e-12	2e-12	1.099021640000889
L206W/R117H	1.9251144199999999	2e-12	1.97567442	2.0	1.996002	1.99440392	2e-12	2e-12	2e-12	1.099021640000889
L206W/R347H	1.9251144199999999	2e-12	1.97567442	2.0	1.996002	1.99440392	2e-12	2e-12	2e-12	1.099021640000889
L206W/R352Q	1.9251144199999999	2e-12	1.97567442	2.0	1.996002	1.99440392	2e-12	2e-12	2e-12	1.099021640000889
L206W/R74W	0.03708558	2e-12	1.97567442	2.0	0.001998	0.0027960800000000003	2e-12	2e-12	2e-12	0.44639489777866687
L206W/S1251N	1.9251144199999999	2e-12	1.97567442	2.0	1.996002	1.99440392	2e-12	2e-12	2e-12	1.099021640000889
L206W/S1255P	1.9251144199999999	2e-12	1.97567442	2.0	1.996002	1.99440392	2e-12	2e-12	2e-12	1.099021640000889
L206W/S549N	1.9251144199999999	2e-12	0.0019878	2.0	1.996002	1.99440392	2e-12	2e-12	2e-12	0.8797231266675556
L206W/S549R(A>C)	1.9251144199999999	2e-12	1.97567442	2.0	1.996002	1.99440392	2e-12	2e-12	2e-12	1.099021640000889
L206W/S549R(T>G)	1.9251144199999999	2e-12	1.97567442	2.0	1.996002	1.99440392	2e-12	2e-12	2e-12	1.099021640000889
L206W/S945L	1.9251144199999999	2e-12	1.97567442	2.0	1.996002	1.99440392	2e-12	2e-12	2e-12	1.099021640000889
L206W/S977F	1.9251144199999999	2e-12	1.97567442	2.0	1.996002	1.99440392	2e-12	2e-12	2e-12	1.099021640000889
L206W/ivacaftor non-responsive CFTR sequence	1.9251144199999999	2e-12	1.97567442	2.0	1.996002	1.99440392	2e-12	2e-12	2e-12	1.099021640000889
P67L/P67L	0.9625572099999999	1e-12	0.98783721	1.0	0.998001	0.99720196	1e-12	1e-12	1e-12	0.5495108200004445
P67L/R1070Q	1.9251144199999999	2e-12	0.01212558	2.0	1.996002	1.99440392	2e-12	2e-12	2e-12	0.8808495466675557
P67L/R1070W	0.0015697600000000001	2e-12	1.97567442	2.0	1.996002	1.99440392	2e-12	2e-12	2e-12	0.8852944555564445
P67L/R117C	1.9251144199999999	2e-12	1.97567442	2.0	1.996002	1.99440392	2e-12	2e-12	2e-12	1.099021640000889
P67L/R117H	1.9251144199999999	2e-12	1.97567442	2.0	1.996002	1.99440392	2e-12	2e-12	2e-12	1.099021640000889
P67L/R347H	1.9251144199999999	2e-12	1.97567442	2.0	1.996002	1.99440392	2e-12	2e-12	2e-12	1.099021640000889
P67L/R352Q	1.9251144199999999	2e-12	1.97567442	2.0	1.996002	1.99440392	2e-12	2e-12	2e-12	1.099021640000889
P67L/R74W	0.03708558	2e-12	1.97567442	2.0	0.001998	0.0027960800000000003	2e-12	2e-12	2e-12	0.44639489777866687
P67L/S1251N	1.9251144199999999	2e-12	1.97567442	2.0	1.996002	1.99440392	2e-12	2e-12	2e-12	1.099021640000889
P67L/S1255P	1.9251144199999999	2e-12	1.97567442	2.0	1.996002	1.99440392	2e-12	2e-12	2e-12	1.099021640000889
P67L/S549N	1.9251144199999999	2e-12	0.0019878	2.0	1.996002	1.99440392	2e-12	2e-12	2e-12	0.8797231266675556
P67L/S549R(A>C)	1.9251144199999999	2e-12	1.97567442	2.0	1.996002	1.99440392	2e-12	2e-12	2e-12	1.099021640000889
P67L/S549R(T>G)	1.9251144199999999	2e-12	1.97567442	2.0	1.996002	1.99440392	2e-12	2e-12	2e-12	1.099021640000889
P67L/S945L	1.9251144199999999	2e-12	1.97567442	2.0	1.996002	1.99440392	2e-12	2e-12	2e-12	1.099021640000889
P67L/S977F	1.9251144199999999	2e-12	1.97567442	2.0	1.996002	1.99440392	2e-12	2e-12	2e-12	1.099021640000889
P67L/ivacaftor non-responsive CFTR sequence	1.9251144199999999	2e-12	1.97567442	2.0	1.996002	1.99440392	2e-12	2e-12	2e-12	1.099021640000889
R1070Q/R1070Q	0.9625572099999999	1e-12	3.7210000000000005e-05	1.0	0.998001	0.99720196	1e-12	1e-12	1e-12	0.4397552644448889
R1070Q/R1070W	0.0015697600000000001	2e-12	0.01212558	2.0	1.996002	1.99440392	2e-12	2e-12	2e-12	0.6671223622231112
R1070Q/R117C	1.9251144199999999	2e-12	0.01212558	2.0	1.996002	1.99440392	2e-12	2e-12	2e-12	0.8808495466675557
R1070Q/R117H	1.9251144199999999	2e-12	0.01212558	2.0	1.996002	1.99440392	2e-12	2e-12	2e-12	0.8808495466675557
R1070Q/R347H	1.9251144199999999	2e-12	0.01212558	2.0	1.996002	1.99440392	2e-12	2e-12	2e-12	0.8808495466675557
R1070Q/R352Q	1.9251144199999999	2e-12	0.01212558	2.0	1.996002	1.99440392	2e-12	2e-12	2e-12	0.8808495466675557
R1070Q/R74W	0.03708558	2e-12	0.01212558	2.0	0.001998	0.0027960800000000003	2e-12	2e-12	2e-12	0.2282228044453334
R1070Q/S1251N	1.9251144199999999	2e-12	0.01212558	2.0	1.996002	1.99440392	2e-12	2e-12	2e-12	0.8808495466675557
R1070Q/S1255P	1.9251144199999999	2e-12	0.01212558	2.0	1.996002	1.99440392	2e-12	2e-12	2e-12	0.8808495466675557
R1070Q/S549N	1.9251144199999999	2e-12	1.2200000000000002e-05	2.0	1.996002	1.99440392	2e-12	2e-12	2e-12	0.8795036155564444
R1070Q/S549R(A>C)	1.9251144199999999	2e-12	0.01212558	2.0	1.996002	1.99440392	2e-12	2e-12	2e-12	0.8808495466675557
R1070Q/S549R(T>G)	1.9251144199999999	2e-12	0.01212558	2.0	1.996002	1.99440392	2e-12	2e-12	2e-12	0.8808495466675557
R1070Q/S945L	1.9251144199999999	2e-12	0.01212558	2.0	1.996002	1.99440392	2e-12	2e-12	2e-12	0.8808495466675557
R1070Q/S977F	1.9251144199999999	2e-12	0.01212558	2.0	1.996002	1.99440392	2e-12	2e-12	2e-12	0.8808495466675557
R1070Q/ivacaftor non-responsive CFTR sequence	1.9251144199999999	2e-12	0.01212558	2.0	1.996002	1.99440392	2e-12	2e-12	2e-12	0.8808495466675557
R1070W/R1070W	6.4e-07	1e-12	0.98783721	1.0	0.998001	0.99720196	1e-12	1e-12	1e-12	0.4425600900004445
R1070W/R117C	0.0015697600000000001	2e-12	1.97567442	2.0	1.996002	1.99440392	2e-12	2e-12	2e-12	0.8852944555564445
R1070W/R117H	0.0015697600000000001	2e-12	1.97567442	2.0	1.996002	1.99440392	2e-12	2e-12	2e-12	0.8852944555564445
R1070W/R347H	0.0015697600000000001	2e-12	1.97567442	2.0	1.996002	1.99440392	2e-12	2e-12	2e-12	0.8852944555564445
R1070W/R352Q	0.0015697600000000001	2e-12	1.97567442	2.0	1.996002	1.99440392	2e-12	2e-12	2e-12	0.8852944555564445
R1070W/R74W	3.0240000000000002e-05	2e-12	1.97567442	2.0	0.001998	0.0027960800000000003	2e-12	2e-12	2e-12	0.44227763777866674
R1070W/S1251N	0.0015697600000000001	2e-12	1.97567442	2.0	1.996002	1.99440392	2e-12	2e-12	2e-12	0.8852944555564445
R1070W/S1255P	0.0015697600000000001	2e-12	1.97567442	2.0	1.996002	1.99440392	2e-12	2e-12	2e-12	0.8852944555564445
R1070W/S549N	0.0015697600000000001	2e-12	0.0019878	2.0	1.996002	1.99440392	2e-12	2e-12	2e-12	0.6659959422231112
R1070W/S549R(A>C)	0.0015697600000000001	2e-12	1.97567442	2.0	1.996002	1.99440392	2e-12	2e-12	2e-12	0.8852944555564445
R1070W/S549R(T>G)	0.0015697600000000001	2e-12	1.97567442	2.0	1.996002	1.99440392	2e-12	2e-12	2e-12	0.8852944555564445
R1070W/S945L	0.0015697600000000001	2e-12	1.97567442	2.0	1.996002	1.99440392	2e-12	2e-12	2e-12	0.8852944555564445
R1070W/S977F	0.0015697600000000001	2e-12	1.97567442	2.0	1.996002	1.99440392	2e-12	2e-12	2e-12	0.8852944555564445
R1070W/ivacaftor non-responsive CFTR sequence	0.0015697600000000001	2e-12	1.97567442	2.0	1.996002	1.99440392	2e-12	2e-12	2e-12	0.8852944555564445
R117C/R117C	0.9625572099999999	1e-12	0.98783721	1.0	0.998001	0.99720196	1e-12	1e-12	1e-12	0.5495108200004445
R117C/R117H	1.9251144199999999	2e-12	1.97567442	2.0	1.996002	1.99440392	2e-12	2e-12	2e-12	1.099021640000889
R117C/R347H	1.9251144199999999	2e-12	1.97567442	2.0	1.996002	1.99440392	2e-12	2e-12	2e-12	1.099021640000889
R117C/R352Q	1.9251144199999999	2e-12	1.97567442	2.0	1.996002	1.99440392	2e-12	2e-12	2e-12	1.099021640000889
R117C/R74W	0.03708558	2e-12	1.97567442	2.0	0.001998	0.0027960800000000003	2e-12	2e-12	2e-12	0.44639489777866687
R117C/S1251N	1.9251144199999999	2e-12	1.97567442	2.0	1.996002	1.99440392	2e-12	2e-12	2e-12	1.099021640000889
R117C/S1255P	1.9251144199999999	2e-12	1.97567442	2.0	1.996002	1.99440392	2e-12	2e-12	2e-12	1.099021640000889
R117C/S549N	1.9251144199999999	2e-12	0.0019878	2.0	1.996002	1.99440392	2e-12	2e-12	2e-12	0.8797231266675556
R117C/S549R(A>C)	1.9251144199999999	2e-12	1.97567442	2.0	1.996002	1.99440392	2e-12	2e-12	2e-12	1.099021640000889
R117C/S549R(T>G)	1.9251144199999999	2e-12	1.97567442	2.0	1.996002	1.99440392	2e-12	2e-12	2e-12	1.099021640000889
R117C/S945L	1.9251144199999999	2e-12	1.97567442	2.0	1.996002	1.99440392	2e-12	2e-12	2e-12	1.099021640000889
R117C/S977F	1.9251144199999999	2e-12	1.97567442	2.0	1.996002	1.99440392	2e-12	2e-12	2e-12	1.099021640000889
R117C/ivacaftor non-responsive CFTR sequence	1.9251144199999999	2e-12	1.97567442	2.0	1.996002	1.99440392	2e-12	2e-12	2e-12	1.099021640000889
R117H/R117H	0.9625572099999999	1e-12	0.98783721	1.0	0.998001	0.99720196	1e-12	1e-12	1e-12	0.5495108200004445
R117H/R347H	1.9251144199999999	2e-12	1.97567442	2.0	1.996002	1.99440392	2e-12	2e-12	2e-12	1.099021640000889
R117H/R352Q	1.9251144199999999	2e-12	1.97567442	2.0	1.996002	1.99440392	2e-12	2e-12	2e-12	1.099021640000889
R117H/R74W	0.03708558	2e-12	1.97567442	2.0	0.001998	0.0027960800000000003	2e-12	2e-12	2e-12	0.44639489777866687
R117H/S1251N	1.9251144199999999	2e-12	1.97567442	2.0	1.996002	1.99440392	2e-12	2e-12	2e-12	1.099021640000889
R117H/S1255P	1.9251144199999999	2e-12	1.97567442	2.0	1.996002	1.99440392	2e-12	2e-12	2e-12	1.099021640000889
R117H/S549N	1.9251144199999999	2e-12	0.0019878	2.0	1.996002	1.99440392	2e-12	2e-12	2e-12	0.8797231266675556
R117H/S549R(A>C)	1.9251144199999999	2e-12	1.97567442	2.0	1.996002	1.99440392	2e-12	2e-12	2e-12	1.099021640000889
R117H/S549R(T>G)	1.9251144199999999	2e-12	1.97567442	2.0	1.996002	1.99440392	2e-12	2e-12	2e-12	1.099021640000889
R117H/S945L	1.9251144199999999	2e-12	1.97567442	2.0	1.996002	1.99440392	2e-12	2e-12	2e-12	1.099021640000889
R117H/S977F	1.9251144199999999	2e-12	1.97567442	2.0	1.996002	1.99440392	2e-12	2e-12	2e-12	1.099021640000889
R117H/ivacaftor non-responsive CFTR sequence	1.9251144199999999	2e-12	1.97567442	2.0	1.996002	1.99440392	2e-12	2e-12	2e-12	1.099021640000889
R347H/R347H	0.9625572099999999	1e-12	0.98783721	1.0	0.998001	0.99720196	1e-12	1e-12	1e-12	0.5495108200004445
R347H/R352Q	1.9251144199999999	2e-12	1.97567442	2.0	1.996002	1.99440392	2e-12	2e-12	2e-12	1.099021640000889
R347H/R74W	0.03708558	2e-12	1.97567442	2.0	0.001998	0.0027960800000000003	2e-12	2e-12	2e-12	0.44639489777866687
R347H/S1251N	1.9251144199999999	2e-12	1.97567442	2.0	1.996002	1.99440392	2e-12	2e-12	2e-12	1.099021640000889
R347H/S1255P	1.9251144199999999	2e-12	1.97567442	2.0	1.996002	1.99440392	2e-12	2e-12	2e-12	1.099021640000889
R347H/S549N	1.9251144199999999	2e-12	0.0019878	2.0	1.996002	1.99440392	2e-12	2e-12	2e-12	0.8797231266675556
R347H/S549R(A>C)	1.9251144199999999	2e-12	1.97567442	2.0	1.996002	1.99440392	2e-12	2e-12	2e-12	1.099021640000889
R347H/S549R(T>G)	1.9251144199999999	2e-12	1.97567442	2.0	1.996002	1.99440392	2e-12	2e-12	2e-12	1.099021640000889
R347H/S945L	1.9251144199999999	2e-12	1.97567442	2.0	1.996002	1.99440392	2e-12	2e-12	2e-12	1.099021640000889
R347H/S977F	1.9251144199999999	2e-12	1.97567442	2.0	1.996002	1.99440392	2e-12	2e-12	2e-12	1.099021640000889
R347H/ivacaftor non-responsive CFTR sequence	1.9251144199999999	2e-12	1.97567442	2.0	1.996002	1.99440392	2e-12	2e-12	2e-12	1.099021640000889
R352Q/R352Q	0.9625572099999999	1e-12	0.98783721	1.0	0.998001	0.99720196	1e-12	1e-12	1e-12	0.5495108200004445
R352Q/R74W	0.03708558	2e-12	1.97567442	2.0	0.001998	0.0027960800000000003	2e-12	2e-12	2e-12	0.44639489777866687
R352Q/S1251N	1.9251144199999999	2e-12	1.97567442	2.0	1.996002	1.99440392	2e-12	2e-12	2e-12	1.099021640000889
R352Q/S1255P	1.9251144199999999	2e-12	1.97567442	2.0	1.996002	1.99440392	2e-12	2e-12	2e-12	1.099021640000889
R352Q/S549N	1.9251144199999999	2e-12	0.0019878	2.0	1.996002	1.99440392	2e-12	2e-12	2e-12	0.8797231266675556
R352Q/S549R(A>C)	1.9251144199999999	2e-12	1.97567442	2.0	1.996002	1.99440392	2e-12	2e-12	2e-12	1.099021640000889
R352Q/S549R(T>G)	1.9251144199999999	2e-12	1.97567442	2.0	1.996002	1.99440392	2e-12	2e-12	2e-12	1.099021640000889
R352Q/S945L	1.9251144199999999	2e-12	1.97567442	2.0	1.996002	1.99440392	2e-12	2e-12	2e-12	1.099021640000889
R352Q/S977F	1.9251144199999999	2e-12	1.97567442	2.0	1.996002	1.99440392	2e-12	2e-12	2e-12	1.099021640000889
R352Q/ivacaftor non-responsive CFTR sequence	1.9251144199999999	2e-12	1.97567442	2.0	1.996002	1.99440392	2e-12	2e-12	2e-12	1.099021640000889
R74W/R74W	0.00035721	1e-12	0.98783721	1.0	1e-06	1.96e-06	1e-12	1e-12	1e-12	0.22091082000044449
R74W/S1251N	0.03708558	2e-12	1.97567442	2.0	0.001998	0.0027960800000000003	2e-12	2e-12	2e-12	0.44639489777866687
R74W/S1255P	0.03708558	2e-12	1.97567442	2.0	0.001998	0.0027960800000000003	2e-12	2e-12	2e-12	0.44639489777866687
R74W/S549N	0.03708558	2e-12	0.0019878	2.0	0.001998	0.0027960800000000003	2e-12	2e-12	2e-12	0.22709638444533337
R74W/S549R(A>C)	0.03708558	2e-12	1.97567442	2.0	0.001998	0.0027960800000000003	2e-12	2e-12	2e-12	0.44639489777866687
R74W/S549R(T>G)	0.03708558	2e-12	1.97567442	2.0	0.001998	0.0027960800000000003	2e-12	2e-12	2e-12	0.44639489777866687
R74W/S945L	0.03708558	2e-12	1.97567442	2.0	0.001998	0.0027960800000000003	2e-12	2e-12	2e-12	0.44639489777866687
R74W/S977F	0.03708558	2e-12	1.97567442	2.0	0.001998	0.0027960800000000003	2e-12	2e-12	2e-12	0.44639489777866687
R74W/ivacaftor non-responsive CFTR sequence	0.03708558	2e-12	1.97567442	2.0	0.001998	0.0027960800000000003	2e-12	2e-12	2e-12	0.44639489777866687
S1251N/S1251N	0.9625572099999999	1e-12	0.98783721	1.0	0.998001	0.99720196	1e-12	1e-12	1e-12	0.5495108200004445
S1251N/S1255P	1.9251144199999999	2e-12	1.97567442	2.0	1.996002	1.99440392	2e-12	2e-12	2e-12	1.099021640000889
S1251N/S549N	1.9251144199999999	2e-12	0.0019878	2.0	1.996002	1.99440392	2e-12	2e-12	2e-12	0.8797231266675556
S1251N/S549R(A>C)	1.9251144199999999	2e-12	1.97567442	2.0	1.996002	1.99440392	2e-12	2e-12	2e-12	1.099021640000889
S1251N/S549R(T>G)	1.9251144199999999	2e-12	1.97567442	2.0	1.996002	1.99440392	2e-12	2e-12	2e-12	1.099021640000889
S1251N/S945L	1.9251144199999999	2e-12	1.97567442	2.0	1.996002	1.99440392	2e-12	2e-12	2e-12	1.099021640000889
S1251N/S977F	1.9251144199999999	2e-12	1.97567442	2.0	1.996002	1.99440392	2e-12	2e-12	2e-12	1.099021640000889
S1251N/ivacaftor non-responsive CFTR sequence	1.9251144199999999	2e-12	1.97567442	2.0	1.996002	1.99440392	2e-12	2e-12	2e-12	1.099021640000889
S1255P/S1255P	0.9625572099999999	1e-12	0.98783721	1.0	0.998001	0.99720196	1e-12	1e-12	1e-12	0.5495108200004445
S1255P/S549N	1.9251144199999999	2e-12	0.0019878	2.0	1.996002	1.99440392	2e-12	2e-12	2e-12	0.8797231266675556
S1255P/S549R(A>C)	1.9251144199999999	2e-12	1.97567442	2.0	1.996002	1.99440392	2e-12	2e-12	2e-12	1.099021640000889
S1255P/S549R(T>G)	1.9251144199999999	2e-12	1.97567442	2.0	1.996002	1.99440392	2e-12	2e-12	2e-12	1.099021640000889
S1255P/S945L	1.9251144199999999	2e-12	1.97567442	2.0	1.996002	1.99440392	2e-12	2e-12	2e-12	1.099021640000889
S1255P/S977F	1.9251144199999999	2e-12	1.97567442	2.0	1.996002	1.99440392	2e-12	2e-12	2e-12	1.099021640000889
S1255P/ivacaftor non-responsive CFTR sequence	1.9251144199999999	2e-12	1.97567442	2.0	1.996002	1.99440392	2e-12	2e-12	2e-12	1.099021640000889
S549N/S549N	0.9625572099999999	1e-12	1e-06	1.0	0.998001	0.99720196	1e-12	1e-12	1e-12	0.4397512411115556
S549N/S549R(A>C)	1.9251144199999999	2e-12	0.0019878	2.0	1.996002	1.99440392	2e-12	2e-12	2e-12	0.8797231266675556
S549N/S549R(T>G)	1.9251144199999999	2e-12	0.0019878	2.0	1.996002	1.99440392	2e-12	2e-12	2e-12	0.8797231266675556
S549N/S945L	1.9251144199999999	2e-12	0.0019878	2.0	1.996002	1.99440392	2e-12	2e-12	2e-12	0.8797231266675556
S549N/S977F	1.9251144199999999	2e-12	0.0019878	2.0	1.996002	1.99440392	2e-12	2e-12	2e-12	0.8797231266675556
S549N/ivacaftor non-responsive CFTR sequence	1.9251144199999999	2e-12	0.0019878	2.0	1.996002	1.99440392	2e-12	2e-12	2e-12	0.8797231266675556
S549R(A>C)/S549R(A>C)	0.9625572099999999	1e-12	0.98783721	1.0	0.998001	0.99720196	1e-12	1e-12	1e-12	0.5495108200004445
S549R(A>C)/S549R(T>G)	1.9251144199999999	2e-12	1.97567442	2.0	1.996002	1.99440392	2e-12	2e-12	2e-12	1.099021640000889
S549R(A>C)/S945L	1.9251144199999999	2e-12	1.97567442	2.0	1.996002	1.99440392	2e-12	2e-12	2e-12	1.099021640000889
S549R(A>C)/S977F	1.9251144199999999	2e-12	1.97567442	2.0	1.996002	1.99440392	2e-12	2e-12	2e-12	1.099021640000889
S549R(A>C)/ivacaftor non-responsive CFTR sequence	1.9251144199999999	2e-12	1.97567442	2.0	1.996002	1.99440392	2e-12	2e-12	2e-12	1.099021640000889
S549R(T>G)/S549R(T>G)	0.9625572099999999	1e-12	0.98783721	1.0	0.998001	0.99720196	1e-12	1e-12	1e-12	0.5495108200004445
S549R(T>G)/S945L	1.9251144199999999	2e-12	1.97567442	2.0	1.996002	1.99440392	2e-12	2e-12	2e-12	1.099021640000889
S549R(T>G)/S977F	1.9251144199999999	2e-12	1.97567442	2.0	1.996002	1.99440392	2e-12	2e-12	2e-12	1.099021640000889
S549R(T>G)/ivacaftor non-responsive CFTR sequence	1.9251144199999999	2e-12	1.97567442	2.0	1.996002	1.99440392	2e-12	2e-12	2e-12	1.099021640000889
S945L/S945L	0.9625572099999999	1e-12	0.98783721	1.0	0.998001	0.99720196	1e-12	1e-12	1e-12	0.5495108200004445
S945L/S977F	1.9251144199999999	2e-12	1.97567442	2.0	1.996002	1.99440392	2e-12	2e-12	2e-12	1.099021640000889
S945L/ivacaftor non-responsive CFTR sequence	1.9251144199999999	2e-12	1.97567442	2.0	1.996002	1.99440392	2e-12	2e-12	2e-12	1.099021640000889
S977F/S977F	0.9625572099999999	1e-12	0.98783721	1.0	0.998001	0.99720196	1e-12	1e-12	1e-12	0.5495108200004445
S977F/ivacaftor non-responsive CFTR sequence	1.9251144199999999	2e-12	1.97567442	2.0	1.996002	1.99440392	2e-12	2e-12	2e-12	1.099021640000889
ivacaftor non-responsive CFTR sequence/ivacaftor non-responsive CFTR sequence	0.9625572099999999	1e-12	0.98783721	1.0	0.998001	0.99720196	1e-12	1e-12	1e-12	0.5495108200004445
