	African_American_Afro_Caribbean	American	Central_South_Asian	East_Asian	European	Latino	Near_Eastern	Oceanian	Sub_Saharan_African	Global
*1/*1	1e-12	1e-12	1e-12	1e-12	1e-12	1e-12	1e-12	1e-12	1e-12	1e-12
*1/*10	6.5999999999999995e-09	2e-12	2e-12	2e-10	0.0	2.3999999999999996e-09	0.0	2e-12	0.0	1.0228888888888888e-09
*1/*11	2e-12	2e-12	2e-12	0.0	2e-12	2e-12	0.0	2e-12	2e-12	1.5555555555555554e-12
*1/*12	2.2e-09	2e-12	2e-12	2e-10	0.0	0.0	2e-12	2e-12	0.0	2.6755555555555565e-10
*1/*13	2.4e-08	2e-12	2e-12	2e-10	4.4e-09	8e-09	2e-12	2e-12	0.0	4.067555555555555e-09
*1/*14	0.0	0.0	2e-12	2e-10	9.38e-12	0.0	2e-12	2e-12	0.0	2.393111111111111e-11
*1/*15	2.8e-08	2e-12	2e-12	2.8e-09	4e-09	8e-09	2e-12	2e-12	1.058e-07	1.6512e-08
*1/*16	0.0	2e-12	2e-12	0.0	0.0	0.0	2e-12	2e-12	2e-12	1.111111111111111e-12
*1/*17	4.1439999999999995e-07	1.722e-07	3.416e-07	4.1e-08	4.308e-07	3.332e-07	3.8279999999999996e-07	1.14e-07	3.466e-07	2.862888888888889e-07
*1/*18	2e-12	2e-12	2e-12	3.98e-08	2e-12	2e-12	2e-12	2e-12	2e-12	4.424000000000001e-09
*1/*19	2e-12	2e-12	2e-12	4e-10	2e-12	2e-12	2e-12	2e-12	2e-12	4.622222222222222e-11
*1/*2	3.6299999999999995e-07	2.428e-07	5.397999999999999e-07	5.669999999999999e-07	2.938e-07	2.0839999999999999e-07	2.396e-07	1.219e-06	3.1359999999999995e-07	4.4300000000000004e-07
*1/*22	0.0	2e-12	2e-12	0.0	0.0	0.0	2e-12	2e-12	2e-12	1.111111111111111e-12
*1/*23	2e-12	2e-12	2e-12	1.1999999999999998e-09	2e-12	2e-12	2e-12	2e-12	2e-12	1.3511111111111108e-10
*1/*24	2e-12	2e-12	2e-12	4e-10	2e-12	2e-12	2e-12	2e-12	2e-12	4.622222222222222e-11
*1/*25	2e-12	2e-12	2e-12	4e-10	2e-12	2e-12	2e-12	2e-12	2e-12	4.622222222222222e-11
*1/*26	2e-12	2e-12	2e-12	0.0	2e-12	2e-12	2e-12	2e-12	2e-12	1.7777777777777778e-12
*1/*28	2e-12	2e-12	2e-12	0.0	2e-12	2e-12	2e-12	2e-12	7.4e-09	8.237777777777778e-10
*1/*29	2e-12	2e-12	2e-12	4e-10	2e-12	2e-12	2e-12	2e-12	2e-12	4.622222222222222e-11
*1/*3	5.6e-09	8e-10	3.1399999999999997e-08	1.45e-07	3.2e-09	1.6e-09	3.3e-08	2.928e-07	5.4e-09	5.7644444444444433e-08
*1/*30	2e-12	2e-12	2e-12	4e-10	2e-12	2e-12	2e-12	2e-12	2e-12	4.622222222222222e-11
*1/*31	2e-12	2e-12	2e-12	4e-10	2e-12	2e-12	2e-12	2e-12	2e-12	4.622222222222222e-11
*1/*32	2e-12	2e-12	2e-12	4e-10	2e-12	2e-12	2e-12	2e-12	2e-12	4.622222222222222e-11
*1/*33	2e-12	2e-12	2e-12	4e-10	2e-12	2e-12	2e-12	2e-12	2e-12	4.622222222222222e-11
*1/*34	2e-12	2e-12	2e-12	0.0	2e-12	2e-12	2e-12	2e-12	2e-12	1.7777777777777778e-12
*1/*35	3.18e-08	2e-12	2e-12	0.0	0.0	2e-12	2e-12	2e-12	6.419999999999999e-08	1.0667777777777778e-08
*1/*38	1.0935999999999998e-06	1.5844e-06	1.0872e-06	1.1912e-06	1.2502e-06	1.4331999999999999e-06	1.3446e-06	3.7419999999999995e-07	1.1029999999999999e-06	1.1624e-06
*1/*39	2e-12	2e-12	2e-12	2e-12	2e-12	2e-12	2e-12	2e-12	2e-12	2e-12
*1/*4	0.0	4.86e-11	0.0	4e-10	4.6e-09	1e-09	0.0	2e-12	0.0	6.722888888888889e-10
*1/*5	0.0	0.0	0.0	6.4e-09	1.322e-10	0.0	0.0	2e-12	0.0	7.260222222222223e-10
*1/*6	0.0	2e-12	0.0	1.1999999999999998e-09	5.999999999999999e-10	0.0	0.0	2e-12	0.0	2.0044444444444442e-10
*1/*7	0.0	2e-12	0.0	2e-10	0.0	0.0	2e-12	2e-12	0.0	2.2888888888888886e-11
*1/*8	2.2e-09	0.0	0.0	0.0	6.8e-09	2.5999999999999997e-09	0.0	2e-12	0.0	1.289111111111111e-09
*1/*9	2.8599999999999998e-08	2e-12	2e-12	2e-10	1.4e-09	1.6e-09	2e-12	2e-12	5.3999999999999994e-08	9.534222222222221e-09
*10/*10	1.0889999999999999e-05	1e-12	1e-12	1e-08	0.0	1.4399999999999998e-06	0.0	1e-12	0.0	1.371111444444444e-06
*10/*11	6.5999999999999995e-09	2e-12	2e-12	0.0	0.0	2.3999999999999996e-09	0.0	2e-12	0.0	1.0006666666666667e-09
*10/*12	7.260000000000001e-06	2e-12	2e-12	2e-08	0.0	0.0	0.0	2e-12	0.0	8.088895555555555e-07
*10/*13	7.92e-05	2e-12	2e-12	2e-08	0.0	9.6e-06	0.0	2e-12	0.0	9.868889555555559e-06
*10/*14	0.0	0.0	2e-12	2e-08	0.0	0.0	0.0	2e-12	0.0	2.2226666666666664e-09
*10/*15	9.24e-05	2e-12	2e-12	2.8e-07	0.0	9.6e-06	0.0	2e-12	0.0	1.1364445111111113e-05
*10/*16	0.0	2e-12	2e-12	0.0	0.0	0.0	0.0	2e-12	0.0	6.666666666666667e-13
*10/*17	0.0013675199999999999	1.722e-07	3.416e-07	4.1000000000000006e-06	0.0	0.00039983999999999994	0.0	1.14e-07	0.0	0.00019689864444444443
*10/*18	6.5999999999999995e-09	2e-12	2e-12	3.98e-06	0.0	2.3999999999999996e-09	0.0	2e-12	0.0	4.432228888888889e-07
*10/*19	6.5999999999999995e-09	2e-12	2e-12	4e-08	0.0	2.3999999999999996e-09	0.0	2e-12	0.0	5.445111111111111e-09
*10/*2	0.0011979	2.428e-07	5.397999999999999e-07	5.6699999999999996e-05	0.0	0.00025007999999999996	0.0	1.219e-06	0.0	0.00016740906666666666
*10/*22	0.0	2e-12	2e-12	0.0	0.0	0.0	0.0	2e-12	0.0	6.666666666666667e-13
*10/*23	6.5999999999999995e-09	2e-12	2e-12	1.2e-07	0.0	2.3999999999999996e-09	0.0	2e-12	0.0	1.4333999999999998e-08
*10/*24	6.5999999999999995e-09	2e-12	2e-12	4e-08	0.0	2.3999999999999996e-09	0.0	2e-12	0.0	5.445111111111111e-09
*10/*25	6.5999999999999995e-09	2e-12	2e-12	4e-08	0.0	2.3999999999999996e-09	0.0	2e-12	0.0	5.445111111111111e-09
*10/*26	6.5999999999999995e-09	2e-12	2e-12	0.0	0.0	2.3999999999999996e-09	0.0	2e-12	0.0	1.0006666666666667e-09
*10/*28	6.5999999999999995e-09	2e-12	2e-12	0.0	0.0	2.3999999999999996e-09	0.0	2e-12	0.0	1.0006666666666667e-09
*10/*29	6.5999999999999995e-09	2e-12	2e-12	4e-08	0.0	2.3999999999999996e-09	0.0	2e-12	0.0	5.445111111111111e-09
*10/*3	1.848e-05	8e-10	3.1399999999999997e-08	1.45e-05	0.0	1.92e-06	0.0	2.928e-07	0.0	3.913888888888889e-06
*10/*30	6.5999999999999995e-09	2e-12	2e-12	4e-08	0.0	2.3999999999999996e-09	0.0	2e-12	0.0	5.445111111111111e-09
*10/*31	6.5999999999999995e-09	2e-12	2e-12	4e-08	0.0	2.3999999999999996e-09	0.0	2e-12	0.0	5.445111111111111e-09
*10/*32	6.5999999999999995e-09	2e-12	2e-12	4e-08	0.0	2.3999999999999996e-09	0.0	2e-12	0.0	5.445111111111111e-09
*10/*33	6.5999999999999995e-09	2e-12	2e-12	4e-08	0.0	2.3999999999999996e-09	0.0	2e-12	0.0	5.445111111111111e-09
*10/*34	6.5999999999999995e-09	2e-12	2e-12	0.0	0.0	2.3999999999999996e-09	0.0	2e-12	0.0	1.0006666666666667e-09
*10/*35	0.00010494000000000001	2e-12	2e-12	0.0	0.0	2.3999999999999996e-09	0.0	2e-12	0.0	1.1660267333333337e-05
*10/*38	0.0036088799999999996	1.5844e-06	1.0872e-06	0.00011912000000000001	0.0	0.0017198399999999998	0.0	3.7419999999999995e-07	0.0	0.0006056539777777777
*10/*39	6.5999999999999995e-09	2e-12	2e-12	2e-10	0.0	2.3999999999999996e-09	0.0	2e-12	0.0	1.0228888888888888e-09
*10/*4	0.0	4.86e-11	0.0	4e-08	0.0	1.2e-06	0.0	2e-12	0.0	1.377834e-07
*10/*5	0.0	0.0	0.0	6.4e-07	0.0	0.0	0.0	2e-12	0.0	7.111133333333332e-08
*10/*6	0.0	2e-12	0.0	1.2e-07	0.0	0.0	0.0	2e-12	0.0	1.3333777777777777e-08
*10/*7	0.0	2e-12	0.0	2e-08	0.0	0.0	0.0	2e-12	0.0	2.2226666666666664e-09
*10/*8	7.260000000000001e-06	0.0	0.0	0.0	0.0	3.1199999999999998e-06	0.0	2e-12	0.0	1.1533335555555557e-06
*10/*9	9.438e-05	2e-12	2e-12	2e-08	0.0	1.92e-06	0.0	2e-12	0.0	1.0702222888888891e-05
*11/*11	1e-12	1e-12	1e-12	0.0	1e-12	1e-12	0.0	1e-12	1e-12	7.777777777777777e-13
*11/*12	2.2e-09	2e-12	2e-12	0.0	0.0	0.0	0.0	2e-12	0.0	2.4511111111111116e-10
*11/*13	2.4e-08	2e-12	2e-12	0.0	4.4e-09	8e-09	0.0	2e-12	0.0	4.045111111111112e-09
*11/*14	0.0	0.0	2e-12	0.0	9.38e-12	0.0	0.0	2e-12	0.0	1.4866666666666665e-12
*11/*15	2.8e-08	2e-12	2e-12	0.0	4e-09	8e-09	0.0	2e-12	1.058e-07	1.6200666666666668e-08
*11/*16	0.0	2e-12	2e-12	0.0	0.0	0.0	0.0	2e-12	2e-12	8.888888888888889e-13
*11/*17	4.1439999999999995e-07	1.722e-07	3.416e-07	0.0	4.308e-07	3.332e-07	0.0	1.14e-07	3.466e-07	2.3919999999999997e-07
*11/*18	2e-12	2e-12	2e-12	0.0	2e-12	2e-12	0.0	2e-12	2e-12	1.5555555555555554e-12
*11/*19	2e-12	2e-12	2e-12	0.0	2e-12	2e-12	0.0	2e-12	2e-12	1.5555555555555554e-12
*11/*2	3.6299999999999995e-07	2.428e-07	5.397999999999999e-07	0.0	2.938e-07	2.0839999999999999e-07	0.0	1.219e-06	3.1359999999999995e-07	3.533777777777778e-07
*11/*22	0.0	2e-12	2e-12	0.0	0.0	0.0	0.0	2e-12	2e-12	8.888888888888889e-13
*11/*23	2e-12	2e-12	2e-12	0.0	2e-12	2e-12	0.0	2e-12	2e-12	1.5555555555555554e-12
*11/*24	2e-12	2e-12	2e-12	0.0	2e-12	2e-12	0.0	2e-12	2e-12	1.5555555555555554e-12
*11/*25	2e-12	2e-12	2e-12	0.0	2e-12	2e-12	0.0	2e-12	2e-12	1.5555555555555554e-12
*11/*26	2e-12	2e-12	2e-12	0.0	2e-12	2e-12	0.0	2e-12	2e-12	1.5555555555555554e-12
*11/*28	2e-12	2e-12	2e-12	0.0	2e-12	2e-12	0.0	2e-12	7.4e-09	8.235555555555556e-10
*11/*29	2e-12	2e-12	2e-12	0.0	2e-12	2e-12	0.0	2e-12	2e-12	1.5555555555555554e-12
*11/*3	5.6e-09	8e-10	3.1399999999999997e-08	0.0	3.2e-09	1.6e-09	0.0	2.928e-07	5.4e-09	3.786666666666666e-08
*11/*30	2e-12	2e-12	2e-12	0.0	2e-12	2e-12	0.0	2e-12	2e-12	1.5555555555555554e-12
*11/*31	2e-12	2e-12	2e-12	0.0	2e-12	2e-12	0.0	2e-12	2e-12	1.5555555555555554e-12
*11/*32	2e-12	2e-12	2e-12	0.0	2e-12	2e-12	0.0	2e-12	2e-12	1.5555555555555554e-12
*11/*33	2e-12	2e-12	2e-12	0.0	2e-12	2e-12	0.0	2e-12	2e-12	1.5555555555555554e-12
*11/*34	2e-12	2e-12	2e-12	0.0	2e-12	2e-12	0.0	2e-12	2e-12	1.5555555555555554e-12
*11/*35	3.18e-08	2e-12	2e-12	0.0	0.0	2e-12	0.0	2e-12	6.419999999999999e-08	1.0667555555555555e-08
*11/*38	1.0935999999999998e-06	1.5844e-06	1.0872e-06	0.0	1.2502e-06	1.4331999999999999e-06	0.0	3.7419999999999995e-07	1.1029999999999999e-06	8.806444444444444e-07
*11/*39	2e-12	2e-12	2e-12	0.0	2e-12	2e-12	0.0	2e-12	2e-12	1.5555555555555554e-12
*11/*4	0.0	4.86e-11	0.0	0.0	4.6e-09	1e-09	0.0	2e-12	0.0	6.278444444444444e-10
*11/*5	0.0	0.0	0.0	0.0	1.322e-10	0.0	0.0	2e-12	0.0	1.491111111111111e-11
*11/*6	0.0	2e-12	0.0	0.0	5.999999999999999e-10	0.0	0.0	2e-12	0.0	6.71111111111111e-11
*11/*7	0.0	2e-12	0.0	0.0	0.0	0.0	0.0	2e-12	0.0	4.4444444444444444e-13
*11/*8	2.2e-09	0.0	0.0	0.0	6.8e-09	2.5999999999999997e-09	0.0	2e-12	0.0	1.289111111111111e-09
*11/*9	2.8599999999999998e-08	2e-12	2e-12	0.0	1.4e-09	1.6e-09	0.0	2e-12	5.3999999999999994e-08	9.511777777777778e-09
*12/*12	1.21e-06	1e-12	1e-12	1e-08	0.0	0.0	1e-12	1e-12	0.0	1.35556e-07
*12/*13	2.64e-05	2e-12	2e-12	2e-08	0.0	0.0	2e-12	2e-12	0.0	2.935556444444444e-06
*12/*14	0.0	0.0	2e-12	2e-08	0.0	0.0	2e-12	2e-12	0.0	2.2228888888888886e-09
*12/*15	3.08e-05	2e-12	2e-12	2.8e-07	0.0	0.0	2e-12	2e-12	0.0	3.453334222222222e-06
*12/*16	0.0	2e-12	2e-12	0.0	0.0	0.0	2e-12	2e-12	0.0	8.888888888888889e-13
*12/*17	0.00045584	1.722e-07	3.416e-07	4.1000000000000006e-06	0.0	0.0	3.8279999999999996e-07	1.14e-07	0.0	5.1216733333333334e-05
*12/*18	2.2e-09	2e-12	2e-12	3.98e-06	0.0	0.0	2e-12	2e-12	0.0	4.4246755555555545e-07
*12/*19	2.2e-09	2e-12	2e-12	4e-08	0.0	0.0	2e-12	2e-12	0.0	4.689777777777778e-09
*12/*2	0.0003993	2.428e-07	5.397999999999999e-07	5.6699999999999996e-05	0.0	0.0	2.396e-07	1.219e-06	0.0	5.091568888888889e-05
*12/*22	0.0	2e-12	2e-12	0.0	0.0	0.0	2e-12	2e-12	0.0	8.888888888888889e-13
*12/*23	2.2e-09	2e-12	2e-12	1.2e-07	0.0	0.0	2e-12	2e-12	0.0	1.3578666666666668e-08
*12/*24	2.2e-09	2e-12	2e-12	4e-08	0.0	0.0	2e-12	2e-12	0.0	4.689777777777778e-09
*12/*25	2.2e-09	2e-12	2e-12	4e-08	0.0	0.0	2e-12	2e-12	0.0	4.689777777777778e-09
*12/*26	2.2e-09	2e-12	2e-12	0.0	0.0	0.0	2e-12	2e-12	0.0	2.453333333333334e-10
*12/*28	2.2e-09	2e-12	2e-12	0.0	0.0	0.0	2e-12	2e-12	0.0	2.453333333333334e-10
*12/*29	2.2e-09	2e-12	2e-12	4e-08	0.0	0.0	2e-12	2e-12	0.0	4.689777777777778e-09
*12/*3	6.16e-06	8e-10	3.1399999999999997e-08	1.45e-05	0.0	0.0	3.3e-08	2.928e-07	0.0	2.3353333333333333e-06
*12/*30	2.2e-09	2e-12	2e-12	4e-08	0.0	0.0	2e-12	2e-12	0.0	4.689777777777778e-09
*12/*31	2.2e-09	2e-12	2e-12	4e-08	0.0	0.0	2e-12	2e-12	0.0	4.689777777777778e-09
*12/*32	2.2e-09	2e-12	2e-12	4e-08	0.0	0.0	2e-12	2e-12	0.0	4.689777777777778e-09
*12/*33	2.2e-09	2e-12	2e-12	4e-08	0.0	0.0	2e-12	2e-12	0.0	4.689777777777778e-09
*12/*34	2.2e-09	2e-12	2e-12	0.0	0.0	0.0	2e-12	2e-12	0.0	2.453333333333334e-10
*12/*35	3.498000000000001e-05	2e-12	2e-12	0.0	0.0	0.0	2e-12	2e-12	0.0	3.886667555555556e-06
*12/*38	0.0012029599999999999	1.5844e-06	1.0872e-06	0.00011912000000000001	0.0	0.0	1.3446e-06	3.7419999999999995e-07	0.0	0.00014738559999999997
*12/*39	2.2e-09	2e-12	2e-12	2e-10	0.0	0.0	2e-12	2e-12	0.0	2.6755555555555565e-10
*12/*4	0.0	4.86e-11	0.0	4e-08	0.0	0.0	0.0	2e-12	0.0	4.450066666666667e-09
*12/*5	0.0	0.0	0.0	6.4e-07	0.0	0.0	0.0	2e-12	0.0	7.111133333333332e-08
*12/*6	0.0	2e-12	0.0	1.2e-07	0.0	0.0	0.0	2e-12	0.0	1.3333777777777777e-08
*12/*7	0.0	2e-12	0.0	2e-08	0.0	0.0	2e-12	2e-12	0.0	2.2228888888888886e-09
*12/*8	2.42e-06	0.0	0.0	0.0	0.0	0.0	0.0	2e-12	0.0	2.688891111111111e-07
*12/*9	3.146e-05	2e-12	2e-12	2e-08	0.0	0.0	2e-12	2e-12	0.0	3.4977786666666667e-06
*13/*13	0.000144	1e-12	1e-12	1e-08	4.84e-06	1.6e-05	1e-12	1e-12	0.0	1.831666711111111e-05
*13/*14	0.0	0.0	2e-12	2e-08	2.0636e-08	0.0	2e-12	2e-12	0.0	4.515777777777778e-09
*13/*15	0.00033600000000000004	2e-12	2e-12	2.8e-07	8.8e-06	3.2e-05	2e-12	2e-12	0.0	4.189777866666667e-05
*13/*16	0.0	2e-12	2e-12	0.0	0.0	0.0	2e-12	2e-12	0.0	8.888888888888889e-13
*13/*17	0.0049728	1.722e-07	3.416e-07	4.1000000000000006e-06	0.0009477600000000001	0.0013328	3.8279999999999996e-07	1.14e-07	0.0	0.0008064967333333334
*13/*18	2.4e-08	2e-12	2e-12	3.98e-06	4.4e-09	8e-09	2e-12	2e-12	0.0	4.462675555555555e-07
*13/*19	2.4e-08	2e-12	2e-12	4e-08	4.4e-09	8e-09	2e-12	2e-12	0.0	8.489777777777779e-09
*13/*2	0.004356	2.428e-07	5.397999999999999e-07	5.6699999999999996e-05	0.00064636	0.0008336	2.396e-07	1.219e-06	0.0	0.0006549890222222224
*13/*22	0.0	2e-12	2e-12	0.0	0.0	0.0	2e-12	2e-12	0.0	8.888888888888889e-13
*13/*23	2.4e-08	2e-12	2e-12	1.2e-07	4.4e-09	8e-09	2e-12	2e-12	0.0	1.7378666666666664e-08
*13/*24	2.4e-08	2e-12	2e-12	4e-08	4.4e-09	8e-09	2e-12	2e-12	0.0	8.489777777777779e-09
*13/*25	2.4e-08	2e-12	2e-12	4e-08	4.4e-09	8e-09	2e-12	2e-12	0.0	8.489777777777779e-09
*13/*26	2.4e-08	2e-12	2e-12	0.0	4.4e-09	8e-09	2e-12	2e-12	0.0	4.0453333333333334e-09
*13/*28	2.4e-08	2e-12	2e-12	0.0	4.4e-09	8e-09	2e-12	2e-12	0.0	4.0453333333333334e-09
*13/*29	2.4e-08	2e-12	2e-12	4e-08	4.4e-09	8e-09	2e-12	2e-12	0.0	8.489777777777779e-09
*13/*3	6.720000000000001e-05	8e-10	3.1399999999999997e-08	1.45e-05	7.04e-06	6.4000000000000006e-06	3.3e-08	2.928e-07	0.0	1.0610888888888891e-05
*13/*30	2.4e-08	2e-12	2e-12	4e-08	4.4e-09	8e-09	2e-12	2e-12	0.0	8.489777777777779e-09
*13/*31	2.4e-08	2e-12	2e-12	4e-08	4.4e-09	8e-09	2e-12	2e-12	0.0	8.489777777777779e-09
*13/*32	2.4e-08	2e-12	2e-12	4e-08	4.4e-09	8e-09	2e-12	2e-12	0.0	8.489777777777779e-09
*13/*33	2.4e-08	2e-12	2e-12	4e-08	4.4e-09	8e-09	2e-12	2e-12	0.0	8.489777777777779e-09
*13/*34	2.4e-08	2e-12	2e-12	0.0	4.4e-09	8e-09	2e-12	2e-12	0.0	4.0453333333333334e-09
*13/*35	0.0003816	2e-12	2e-12	0.0	0.0	8e-09	2e-12	2e-12	0.0	4.240088977777778e-05
*13/*38	0.0131232	1.5844e-06	1.0872e-06	0.00011912000000000001	0.0027504400000000003	0.005732800000000001	1.3446e-06	3.7419999999999995e-07	0.0	0.002414438933333334
*13/*39	2.4e-08	2e-12	2e-12	2e-10	4.4e-09	8e-09	2e-12	2e-12	0.0	4.067555555555555e-09
*13/*4	0.0	4.86e-11	0.0	4e-08	1.012e-05	4e-06	0.0	2e-12	0.0	1.5733389555555558e-06
*13/*5	0.0	0.0	0.0	6.4e-07	2.9084e-07	0.0	0.0	2e-12	0.0	1.0342688888888888e-07
*13/*6	0.0	2e-12	0.0	1.2e-07	1.32e-06	0.0	0.0	2e-12	0.0	1.6000044444444446e-07
*13/*7	0.0	2e-12	0.0	2e-08	0.0	0.0	2e-12	2e-12	0.0	2.2228888888888886e-09
*13/*8	2.64e-05	0.0	0.0	0.0	1.496e-05	1.04e-05	0.0	2e-12	0.0	5.751111333333334e-06
*13/*9	0.0003432	2e-12	2e-12	2e-08	3.08e-06	6.4000000000000006e-06	2e-12	2e-12	0.0	3.918888977777777e-05
*14/*14	0.0	0.0	1e-12	1e-08	2.19961e-11	0.0	1e-12	1e-12	0.0	1.1138884555555554e-09
*14/*15	0.0	0.0	2e-12	2.8e-07	1.876e-08	0.0	2e-12	2e-12	0.0	3.3196222222222223e-08
*14/*16	0.0	0.0	2e-12	0.0	0.0	0.0	2e-12	2e-12	0.0	6.666666666666667e-13
*14/*17	0.0	0.0	3.416e-07	4.1000000000000006e-06	2.020452e-06	0.0	3.8279999999999996e-07	1.14e-07	0.0	7.732057777777779e-07
*14/*18	0.0	0.0	2e-12	3.98e-06	9.38e-12	0.0	2e-12	2e-12	0.0	4.4222393111111094e-07
*14/*19	0.0	0.0	2e-12	4e-08	9.38e-12	0.0	2e-12	2e-12	0.0	4.446153333333334e-09
*14/*2	0.0	0.0	5.397999999999999e-07	5.6699999999999996e-05	1.377922e-06	0.0	2.396e-07	1.219e-06	0.0	6.675146888888888e-06
*14/*22	0.0	0.0	2e-12	0.0	0.0	0.0	2e-12	2e-12	0.0	6.666666666666667e-13
*14/*23	0.0	0.0	2e-12	1.2e-07	9.38e-12	0.0	2e-12	2e-12	0.0	1.3335042222222224e-08
*14/*24	0.0	0.0	2e-12	4e-08	9.38e-12	0.0	2e-12	2e-12	0.0	4.446153333333334e-09
*14/*25	0.0	0.0	2e-12	4e-08	9.38e-12	0.0	2e-12	2e-12	0.0	4.446153333333334e-09
*14/*26	0.0	0.0	2e-12	0.0	9.38e-12	0.0	2e-12	2e-12	0.0	1.708888888888889e-12
*14/*28	0.0	0.0	2e-12	0.0	9.38e-12	0.0	2e-12	2e-12	0.0	1.708888888888889e-12
*14/*29	0.0	0.0	2e-12	4e-08	9.38e-12	0.0	2e-12	2e-12	0.0	4.446153333333334e-09
*14/*3	0.0	0.0	3.1399999999999997e-08	1.45e-05	1.5008e-08	0.0	3.3e-08	2.928e-07	0.0	1.6524675555555554e-06
*14/*30	0.0	0.0	2e-12	4e-08	9.38e-12	0.0	2e-12	2e-12	0.0	4.446153333333334e-09
*14/*31	0.0	0.0	2e-12	4e-08	9.38e-12	0.0	2e-12	2e-12	0.0	4.446153333333334e-09
*14/*32	0.0	0.0	2e-12	4e-08	9.38e-12	0.0	2e-12	2e-12	0.0	4.446153333333334e-09
*14/*33	0.0	0.0	2e-12	4e-08	9.38e-12	0.0	2e-12	2e-12	0.0	4.446153333333334e-09
*14/*34	0.0	0.0	2e-12	0.0	9.38e-12	0.0	2e-12	2e-12	0.0	1.708888888888889e-12
*14/*35	0.0	0.0	2e-12	0.0	0.0	0.0	2e-12	2e-12	0.0	6.666666666666667e-13
*14/*38	0.0	0.0	1.0872e-06	0.00011912000000000001	5.863438e-06	0.0	1.3446e-06	3.7419999999999995e-07	0.0	1.4198826444444447e-05
*14/*39	0.0	0.0	2e-12	2e-10	9.38e-12	0.0	2e-12	2e-12	0.0	2.393111111111111e-11
*14/*4	0.0	0.0	0.0	4e-08	2.1574e-08	0.0	0.0	2e-12	0.0	6.841777777777778e-09
*14/*5	0.0	0.0	0.0	6.4e-07	6.20018e-10	0.0	0.0	2e-12	0.0	7.118022422222222e-08
*14/*6	0.0	0.0	0.0	1.2e-07	2.8139999999999996e-09	0.0	0.0	2e-12	0.0	1.364622222222222e-08
*14/*7	0.0	0.0	0.0	2e-08	0.0	0.0	2e-12	2e-12	0.0	2.2226666666666664e-09
*14/*8	0.0	0.0	0.0	0.0	3.1892e-08	0.0	0.0	2e-12	0.0	3.543777777777778e-09
*14/*9	0.0	0.0	2e-12	2e-08	6.566e-09	0.0	2e-12	2e-12	0.0	2.952444444444444e-09
*15/*15	0.00019600000000000002	1e-12	1e-12	1.96e-06	4e-06	1.6e-05	1e-12	1e-12	0.0027984100000000003	0.0003351522226666667
*15/*16	0.0	2e-12	2e-12	0.0	0.0	0.0	2e-12	2e-12	1.058e-07	1.1756444444444443e-08
*15/*17	0.0058016	1.722e-07	3.416e-07	5.74e-05	0.0008616	0.0013328	3.8279999999999996e-07	1.14e-07	0.018335140000000003	0.0029321722888888896
*15/*18	2.8e-08	2e-12	2e-12	5.572e-05	4e-09	8e-09	2e-12	2e-12	1.058e-07	6.207312e-06
*15/*19	2.8e-08	2e-12	2e-12	5.6e-07	4e-09	8e-09	2e-12	2e-12	1.058e-07	7.84231111111111e-08
*15/*2	0.005082	2.428e-07	5.397999999999999e-07	0.0007937999999999999	0.0005876	0.0008336	2.396e-07	1.219e-06	0.01658944	0.0026542979111111114
*15/*22	0.0	2e-12	2e-12	0.0	0.0	0.0	2e-12	2e-12	1.058e-07	1.1756444444444443e-08
*15/*23	2.8e-08	2e-12	2e-12	1.6799999999999998e-06	4e-09	8e-09	2e-12	2e-12	1.058e-07	2.0286755555555556e-07
*15/*24	2.8e-08	2e-12	2e-12	5.6e-07	4e-09	8e-09	2e-12	2e-12	1.058e-07	7.84231111111111e-08
*15/*25	2.8e-08	2e-12	2e-12	5.6e-07	4e-09	8e-09	2e-12	2e-12	1.058e-07	7.84231111111111e-08
*15/*26	2.8e-08	2e-12	2e-12	0.0	4e-09	8e-09	2e-12	2e-12	1.058e-07	1.620088888888889e-08
*15/*28	2.8e-08	2e-12	2e-12	0.0	4e-09	8e-09	2e-12	2e-12	0.00039146000000000005	4.35000008888889e-05
*15/*29	2.8e-08	2e-12	2e-12	5.6e-07	4e-09	8e-09	2e-12	2e-12	1.058e-07	7.84231111111111e-08
*15/*3	7.84e-05	8e-10	3.1399999999999997e-08	0.00020299999999999997	6.4000000000000006e-06	6.4000000000000006e-06	3.3e-08	2.928e-07	0.00028566	6.446866666666666e-05
*15/*30	2.8e-08	2e-12	2e-12	5.6e-07	4e-09	8e-09	2e-12	2e-12	1.058e-07	7.84231111111111e-08
*15/*31	2.8e-08	2e-12	2e-12	5.6e-07	4e-09	8e-09	2e-12	2e-12	1.058e-07	7.84231111111111e-08
*15/*32	2.8e-08	2e-12	2e-12	5.6e-07	4e-09	8e-09	2e-12	2e-12	1.058e-07	7.84231111111111e-08
*15/*33	2.8e-08	2e-12	2e-12	5.6e-07	4e-09	8e-09	2e-12	2e-12	1.058e-07	7.84231111111111e-08
*15/*34	2.8e-08	2e-12	2e-12	0.0	4e-09	8e-09	2e-12	2e-12	1.058e-07	1.620088888888889e-08
*15/*35	0.00044520000000000003	2e-12	2e-12	0.0	0.0	8e-09	2e-12	2e-12	0.00339618	0.0004268208897777778
*15/*38	0.015310399999999998	1.5844e-06	1.0872e-06	0.00166768	0.0025004	0.005732800000000001	1.3446e-06	3.7419999999999995e-07	0.0583487	0.009284930044444445
*15/*39	2.8e-08	2e-12	2e-12	2.8e-09	4e-09	8e-09	2e-12	2e-12	1.058e-07	1.6512e-08
*15/*4	0.0	4.86e-11	0.0	5.6e-07	9.2e-06	4e-06	0.0	2e-12	0.0	1.5288945111111112e-06
*15/*5	0.0	0.0	0.0	8.96e-06	2.6439999999999996e-07	0.0	0.0	2e-12	0.0	1.0249335555555558e-06
*15/*6	0.0	2e-12	0.0	1.6799999999999998e-06	1.2e-06	0.0	0.0	2e-12	0.0	3.2000044444444446e-07
*15/*7	0.0	2e-12	0.0	2.8e-07	0.0	0.0	2e-12	2e-12	0.0	3.111177777777778e-08
*15/*8	3.08e-05	0.0	0.0	0.0	1.36e-05	1.04e-05	0.0	2e-12	0.0	6.0888891111111115e-06
*15/*9	0.00040040000000000003	2e-12	2e-12	2.8e-07	2.8e-06	6.4000000000000006e-06	2e-12	2e-12	0.0028566	0.0003629422231111111
*16/*16	0.0	1e-12	1e-12	0.0	0.0	0.0	1e-12	1e-12	1e-12	5.555555555555555e-13
*16/*17	0.0	1.722e-07	3.416e-07	0.0	0.0	0.0	3.8279999999999996e-07	1.14e-07	3.466e-07	1.508e-07
*16/*18	0.0	2e-12	2e-12	0.0	0.0	0.0	2e-12	2e-12	2e-12	1.111111111111111e-12
*16/*19	0.0	2e-12	2e-12	0.0	0.0	0.0	2e-12	2e-12	2e-12	1.111111111111111e-12
*16/*2	0.0	2.428e-07	5.397999999999999e-07	0.0	0.0	0.0	2.396e-07	1.219e-06	3.1359999999999995e-07	2.8386666666666664e-07
*16/*22	0.0	2e-12	2e-12	0.0	0.0	0.0	2e-12	2e-12	2e-12	1.111111111111111e-12
*16/*23	0.0	2e-12	2e-12	0.0	0.0	0.0	2e-12	2e-12	2e-12	1.111111111111111e-12
*16/*24	0.0	2e-12	2e-12	0.0	0.0	0.0	2e-12	2e-12	2e-12	1.111111111111111e-12
*16/*25	0.0	2e-12	2e-12	0.0	0.0	0.0	2e-12	2e-12	2e-12	1.111111111111111e-12
*16/*26	0.0	2e-12	2e-12	0.0	0.0	0.0	2e-12	2e-12	2e-12	1.111111111111111e-12
*16/*28	0.0	2e-12	2e-12	0.0	0.0	0.0	2e-12	2e-12	7.4e-09	8.231111111111111e-10
*16/*29	0.0	2e-12	2e-12	0.0	0.0	0.0	2e-12	2e-12	2e-12	1.111111111111111e-12
*16/*3	0.0	8e-10	3.1399999999999997e-08	0.0	0.0	0.0	3.3e-08	2.928e-07	5.4e-09	4.037777777777778e-08
*16/*30	0.0	2e-12	2e-12	0.0	0.0	0.0	2e-12	2e-12	2e-12	1.111111111111111e-12
*16/*31	0.0	2e-12	2e-12	0.0	0.0	0.0	2e-12	2e-12	2e-12	1.111111111111111e-12
*16/*32	0.0	2e-12	2e-12	0.0	0.0	0.0	2e-12	2e-12	2e-12	1.111111111111111e-12
*16/*33	0.0	2e-12	2e-12	0.0	0.0	0.0	2e-12	2e-12	2e-12	1.111111111111111e-12
*16/*34	0.0	2e-12	2e-12	0.0	0.0	0.0	2e-12	2e-12	2e-12	1.111111111111111e-12
*16/*35	0.0	2e-12	2e-12	0.0	0.0	0.0	2e-12	2e-12	6.419999999999999e-08	7.134222222222221e-09
*16/*38	0.0	1.5844e-06	1.0872e-06	0.0	0.0	0.0	1.3446e-06	3.7419999999999995e-07	1.1029999999999999e-06	6.103777777777777e-07
*16/*39	0.0	2e-12	2e-12	0.0	0.0	0.0	2e-12	2e-12	2e-12	1.111111111111111e-12
*16/*4	0.0	4.86e-11	0.0	0.0	0.0	0.0	0.0	2e-12	0.0	5.6222222222222224e-12
*16/*5	0.0	0.0	0.0	0.0	0.0	0.0	0.0	2e-12	0.0	2.2222222222222222e-13
*16/*6	0.0	2e-12	0.0	0.0	0.0	0.0	0.0	2e-12	0.0	4.4444444444444444e-13
*16/*7	0.0	2e-12	0.0	0.0	0.0	0.0	2e-12	2e-12	0.0	6.666666666666667e-13
*16/*8	0.0	0.0	0.0	0.0	0.0	0.0	0.0	2e-12	0.0	2.2222222222222222e-13
*16/*9	0.0	2e-12	2e-12	0.0	0.0	0.0	2e-12	2e-12	5.3999999999999994e-08	6.0008888888888886e-09
*17/*17	0.04293184	0.007413209999999999	0.029172640000000003	0.00042025000000000005	0.04639716000000001	0.02775556	0.03663395999999999	0.003249	0.030032890000000003	0.02488961222222222
*17/*18	4.1439999999999995e-07	1.722e-07	3.416e-07	0.0008159	4.308e-07	3.332e-07	3.8279999999999996e-07	1.14e-07	3.466e-07	9.09372888888889e-05
*17/*19	4.1439999999999995e-07	1.722e-07	3.416e-07	8.200000000000001e-06	4.308e-07	3.332e-07	3.8279999999999996e-07	1.14e-07	3.466e-07	1.1928444444444447e-06
*17/*2	0.07521359999999999	0.02090508	0.09219783999999999	0.0116235	0.06328452	0.03471944	0.04585944	0.069483	0.05434688	0.051959255555555556
*17/*22	0.0	1.722e-07	3.416e-07	0.0	0.0	0.0	3.8279999999999996e-07	1.14e-07	3.466e-07	1.508e-07
*17/*23	4.1439999999999995e-07	1.722e-07	3.416e-07	2.4599999999999998e-05	4.308e-07	3.332e-07	3.8279999999999996e-07	1.14e-07	3.466e-07	3.015066666666666e-06
*17/*24	4.1439999999999995e-07	1.722e-07	3.416e-07	8.200000000000001e-06	4.308e-07	3.332e-07	3.8279999999999996e-07	1.14e-07	3.466e-07	1.1928444444444447e-06
*17/*25	4.1439999999999995e-07	1.722e-07	3.416e-07	8.200000000000001e-06	4.308e-07	3.332e-07	3.8279999999999996e-07	1.14e-07	3.466e-07	1.1928444444444447e-06
*17/*26	4.1439999999999995e-07	1.722e-07	3.416e-07	0.0	4.308e-07	3.332e-07	3.8279999999999996e-07	1.14e-07	3.466e-07	2.8173333333333334e-07
*17/*28	4.1439999999999995e-07	1.722e-07	3.416e-07	0.0	4.308e-07	3.332e-07	3.8279999999999996e-07	1.14e-07	0.00128242	0.00014273433333333334
*17/*29	4.1439999999999995e-07	1.722e-07	3.416e-07	8.200000000000001e-06	4.308e-07	3.332e-07	3.8279999999999996e-07	1.14e-07	3.466e-07	1.1928444444444447e-06
*17/*3	0.00116032	6.888e-05	0.00536312	0.0029725	0.00068928	0.00026656	0.0063162	0.016689600000000002	0.0009358200000000001	0.0038291422222222226
*17/*30	4.1439999999999995e-07	1.722e-07	3.416e-07	8.200000000000001e-06	4.308e-07	3.332e-07	3.8279999999999996e-07	1.14e-07	3.466e-07	1.1928444444444447e-06
*17/*31	4.1439999999999995e-07	1.722e-07	3.416e-07	8.200000000000001e-06	4.308e-07	3.332e-07	3.8279999999999996e-07	1.14e-07	3.466e-07	1.1928444444444447e-06
*17/*32	4.1439999999999995e-07	1.722e-07	3.416e-07	8.200000000000001e-06	4.308e-07	3.332e-07	3.8279999999999996e-07	1.14e-07	3.466e-07	1.1928444444444447e-06
*17/*33	4.1439999999999995e-07	1.722e-07	3.416e-07	8.200000000000001e-06	4.308e-07	3.332e-07	3.8279999999999996e-07	1.14e-07	3.466e-07	1.1928444444444447e-06
*17/*34	4.1439999999999995e-07	1.722e-07	3.416e-07	0.0	4.308e-07	3.332e-07	3.8279999999999996e-07	1.14e-07	3.466e-07	2.8173333333333334e-07
*17/*35	0.0065889600000000005	1.722e-07	3.416e-07	0.0	0.0	3.332e-07	3.8279999999999996e-07	1.14e-07	0.01112586	0.0019684626444444447
*17/*38	0.22659391999999998	0.13641683999999998	0.18569375999999999	0.024419600000000003	0.26929308	0.23877112	0.25735643999999996	0.0213294	0.1911499	0.17233600666666668
*17/*39	4.1439999999999995e-07	1.722e-07	3.416e-07	4.1e-08	4.308e-07	3.332e-07	3.8279999999999996e-07	1.14e-07	3.466e-07	2.862888888888889e-07
*17/*4	0.0	4.18446e-06	0.0	8.200000000000001e-06	0.00099084	0.0001666	0.0	1.14e-07	0.0	0.00012999316222222221
*17/*5	0.0	0.0	0.0	0.00013120000000000002	2.8475879999999998e-05	0.0	0.0	1.14e-07	0.0	1.7754431111111114e-05
*17/*6	0.0	1.722e-07	0.0	2.4599999999999998e-05	0.00012924	0.0	0.0	1.14e-07	0.0	1.7125133333333333e-05
*17/*7	0.0	1.722e-07	0.0	4.1000000000000006e-06	0.0	0.0	3.8279999999999996e-07	1.14e-07	0.0	5.298888888888889e-07
*17/*8	0.00045584	0.0	0.0	0.0	0.0014647199999999999	0.00043316	0.0	1.14e-07	0.0	0.0002615371111111111
*17/*9	0.00592592	1.722e-07	3.416e-07	4.1000000000000006e-06	0.00030156000000000003	0.00026656	3.8279999999999996e-07	1.14e-07	0.0093582	0.0017619278444444444
*18/*18	1e-12	1e-12	1e-12	0.00039601	1e-12	1e-12	1e-12	1e-12	1e-12	4.4001112e-05
*18/*19	2e-12	2e-12	2e-12	7.96e-06	2e-12	2e-12	2e-12	2e-12	2e-12	8.844462222222225e-07
*18/*2	3.6299999999999995e-07	2.428e-07	5.397999999999999e-07	0.0112833	2.938e-07	2.0839999999999999e-07	2.396e-07	1.219e-06	3.1359999999999995e-07	0.00125408
*18/*22	0.0	2e-12	2e-12	0.0	0.0	0.0	2e-12	2e-12	2e-12	1.111111111111111e-12
*18/*23	2e-12	2e-12	2e-12	2.388e-05	2e-12	2e-12	2e-12	2e-12	2e-12	2.65333511111111e-06
*18/*24	2e-12	2e-12	2e-12	7.96e-06	2e-12	2e-12	2e-12	2e-12	2e-12	8.844462222222225e-07
*18/*25	2e-12	2e-12	2e-12	7.96e-06	2e-12	2e-12	2e-12	2e-12	2e-12	8.844462222222225e-07
*18/*26	2e-12	2e-12	2e-12	0.0	2e-12	2e-12	2e-12	2e-12	2e-12	1.7777777777777778e-12
*18/*28	2e-12	2e-12	2e-12	0.0	2e-12	2e-12	2e-12	2e-12	7.4e-09	8.237777777777778e-10
*18/*29	2e-12	2e-12	2e-12	7.96e-06	2e-12	2e-12	2e-12	2e-12	2e-12	8.844462222222225e-07
*18/*3	5.6e-09	8e-10	3.1399999999999997e-08	0.0028855	3.2e-09	1.6e-09	3.3e-08	2.928e-07	5.4e-09	0.00032065264444444447
*18/*30	2e-12	2e-12	2e-12	7.96e-06	2e-12	2e-12	2e-12	2e-12	2e-12	8.844462222222225e-07
*18/*31	2e-12	2e-12	2e-12	7.96e-06	2e-12	2e-12	2e-12	2e-12	2e-12	8.844462222222225e-07
*18/*32	2e-12	2e-12	2e-12	7.96e-06	2e-12	2e-12	2e-12	2e-12	2e-12	8.844462222222225e-07
*18/*33	2e-12	2e-12	2e-12	7.96e-06	2e-12	2e-12	2e-12	2e-12	2e-12	8.844462222222225e-07
*18/*34	2e-12	2e-12	2e-12	0.0	2e-12	2e-12	2e-12	2e-12	2e-12	1.7777777777777778e-12
*18/*35	3.18e-08	2e-12	2e-12	0.0	0.0	2e-12	2e-12	2e-12	6.419999999999999e-08	1.0667777777777778e-08
*18/*38	1.0935999999999998e-06	1.5844e-06	1.0872e-06	0.02370488	1.2502e-06	1.4331999999999999e-06	1.3446e-06	3.7419999999999995e-07	1.1029999999999999e-06	0.0026349056
*18/*39	2e-12	2e-12	2e-12	3.98e-08	2e-12	2e-12	2e-12	2e-12	2e-12	4.424000000000001e-09
*18/*4	0.0	4.86e-11	0.0	7.96e-06	4.6e-09	1e-09	0.0	2e-12	0.0	8.850722888888889e-07
*18/*5	0.0	0.0	0.0	0.00012736	1.322e-10	0.0	0.0	2e-12	0.0	1.4151126022222221e-05
*18/*6	0.0	2e-12	0.0	2.388e-05	5.999999999999999e-10	0.0	0.0	2e-12	0.0	2.6534004444444443e-06
*18/*7	0.0	2e-12	0.0	3.98e-06	0.0	0.0	2e-12	2e-12	0.0	4.4222288888888876e-07
*18/*8	2.2e-09	0.0	0.0	0.0	6.8e-09	2.5999999999999997e-09	0.0	2e-12	0.0	1.289111111111111e-09
*18/*9	2.8599999999999998e-08	2e-12	2e-12	3.98e-06	1.4e-09	1.6e-09	2e-12	2e-12	5.3999999999999994e-08	4.517342222222221e-07
*19/*19	1e-12	1e-12	1e-12	4e-08	1e-12	1e-12	1e-12	1e-12	1e-12	4.445333333333334e-09
*19/*2	3.6299999999999995e-07	2.428e-07	5.397999999999999e-07	0.00011339999999999999	2.938e-07	2.0839999999999999e-07	2.396e-07	1.219e-06	3.1359999999999995e-07	1.2979999999999998e-05
*19/*22	0.0	2e-12	2e-12	0.0	0.0	0.0	2e-12	2e-12	2e-12	1.111111111111111e-12
*19/*23	2e-12	2e-12	2e-12	2.4e-07	2e-12	2e-12	2e-12	2e-12	2e-12	2.6668444444444444e-08
*19/*24	2e-12	2e-12	2e-12	8e-08	2e-12	2e-12	2e-12	2e-12	2e-12	8.890666666666667e-09
*19/*25	2e-12	2e-12	2e-12	8e-08	2e-12	2e-12	2e-12	2e-12	2e-12	8.890666666666667e-09
*19/*26	2e-12	2e-12	2e-12	0.0	2e-12	2e-12	2e-12	2e-12	2e-12	1.7777777777777778e-12
*19/*28	2e-12	2e-12	2e-12	0.0	2e-12	2e-12	2e-12	2e-12	7.4e-09	8.237777777777778e-10
*19/*29	2e-12	2e-12	2e-12	8e-08	2e-12	2e-12	2e-12	2e-12	2e-12	8.890666666666667e-09
*19/*3	5.6e-09	8e-10	3.1399999999999997e-08	2.9e-05	3.2e-09	1.6e-09	3.3e-08	2.928e-07	5.4e-09	3.263755555555556e-06
*19/*30	2e-12	2e-12	2e-12	8e-08	2e-12	2e-12	2e-12	2e-12	2e-12	8.890666666666667e-09
*19/*31	2e-12	2e-12	2e-12	8e-08	2e-12	2e-12	2e-12	2e-12	2e-12	8.890666666666667e-09
*19/*32	2e-12	2e-12	2e-12	8e-08	2e-12	2e-12	2e-12	2e-12	2e-12	8.890666666666667e-09
*19/*33	2e-12	2e-12	2e-12	8e-08	2e-12	2e-12	2e-12	2e-12	2e-12	8.890666666666667e-09
*19/*34	2e-12	2e-12	2e-12	0.0	2e-12	2e-12	2e-12	2e-12	2e-12	1.7777777777777778e-12
*19/*35	3.18e-08	2e-12	2e-12	0.0	0.0	2e-12	2e-12	2e-12	6.419999999999999e-08	1.0667777777777778e-08
*19/*38	1.0935999999999998e-06	1.5844e-06	1.0872e-06	0.00023824000000000002	1.2502e-06	1.4331999999999999e-06	1.3446e-06	3.7419999999999995e-07	1.1029999999999999e-06	2.7501155555555558e-05
*19/*39	2e-12	2e-12	2e-12	4e-10	2e-12	2e-12	2e-12	2e-12	2e-12	4.622222222222222e-11
*19/*4	0.0	4.86e-11	0.0	8e-08	4.6e-09	1e-09	0.0	2e-12	0.0	9.516733333333333e-09
*19/*5	0.0	0.0	0.0	1.28e-06	1.322e-10	0.0	0.0	2e-12	0.0	1.4223713333333334e-07
*19/*6	0.0	2e-12	0.0	2.4e-07	5.999999999999999e-10	0.0	0.0	2e-12	0.0	2.6733777777777775e-08
*19/*7	0.0	2e-12	0.0	4e-08	0.0	0.0	2e-12	2e-12	0.0	4.445111111111112e-09
*19/*8	2.2e-09	0.0	0.0	0.0	6.8e-09	2.5999999999999997e-09	0.0	2e-12	0.0	1.289111111111111e-09
*19/*9	2.8599999999999998e-08	2e-12	2e-12	4e-08	1.4e-09	1.6e-09	2e-12	2e-12	5.3999999999999994e-08	1.3956444444444445e-08
*2/*2	0.03294225	0.014737959999999998	0.07284600999999999	0.08037224999999999	0.021579610000000003	0.01085764	0.014352040000000002	0.3714902500000001	0.02458624	0.07152936111111112
*2/*22	0.0	2.428e-07	5.397999999999999e-07	0.0	0.0	0.0	2.396e-07	1.219e-06	3.1359999999999995e-07	2.8386666666666664e-07
*2/*23	3.6299999999999995e-07	2.428e-07	5.397999999999999e-07	0.0003401999999999999	2.938e-07	2.0839999999999999e-07	2.396e-07	1.219e-06	3.1359999999999995e-07	3.817999999999999e-05
*2/*24	3.6299999999999995e-07	2.428e-07	5.397999999999999e-07	0.00011339999999999999	2.938e-07	2.0839999999999999e-07	2.396e-07	1.219e-06	3.1359999999999995e-07	1.2979999999999998e-05
*2/*25	3.6299999999999995e-07	2.428e-07	5.397999999999999e-07	0.00011339999999999999	2.938e-07	2.0839999999999999e-07	2.396e-07	1.219e-06	3.1359999999999995e-07	1.2979999999999998e-05
*2/*26	3.6299999999999995e-07	2.428e-07	5.397999999999999e-07	0.0	2.938e-07	2.0839999999999999e-07	2.396e-07	1.219e-06	3.1359999999999995e-07	3.7999999999999996e-07
*2/*28	3.6299999999999995e-07	2.428e-07	5.397999999999999e-07	0.0	2.938e-07	2.0839999999999999e-07	2.396e-07	1.219e-06	0.00116032	0.0001292696
*2/*29	3.6299999999999995e-07	2.428e-07	5.397999999999999e-07	0.00011339999999999999	2.938e-07	2.0839999999999999e-07	2.396e-07	1.219e-06	3.1359999999999995e-07	1.2979999999999998e-05
*2/*3	0.0010164	9.712e-05	0.008474859999999999	0.04110749999999999	0.00047008000000000005	0.00016672	0.0039534	0.17846160000000003	0.00084672	0.026066044444444447
*2/*30	3.6299999999999995e-07	2.428e-07	5.397999999999999e-07	0.00011339999999999999	2.938e-07	2.0839999999999999e-07	2.396e-07	1.219e-06	3.1359999999999995e-07	1.2979999999999998e-05
*2/*31	3.6299999999999995e-07	2.428e-07	5.397999999999999e-07	0.00011339999999999999	2.938e-07	2.0839999999999999e-07	2.396e-07	1.219e-06	3.1359999999999995e-07	1.2979999999999998e-05
*2/*32	3.6299999999999995e-07	2.428e-07	5.397999999999999e-07	0.00011339999999999999	2.938e-07	2.0839999999999999e-07	2.396e-07	1.219e-06	3.1359999999999995e-07	1.2979999999999998e-05
*2/*33	3.6299999999999995e-07	2.428e-07	5.397999999999999e-07	0.00011339999999999999	2.938e-07	2.0839999999999999e-07	2.396e-07	1.219e-06	3.1359999999999995e-07	1.2979999999999998e-05
*2/*34	3.6299999999999995e-07	2.428e-07	5.397999999999999e-07	0.0	2.938e-07	2.0839999999999999e-07	2.396e-07	1.219e-06	3.1359999999999995e-07	3.7999999999999996e-07
*2/*35	0.0057717	2.428e-07	5.397999999999999e-07	0.0	0.0	2.0839999999999999e-07	2.396e-07	1.219e-06	0.010066559999999999	0.0017600788444444443
*2/*38	0.19848839999999998	0.19234616	0.29343527999999997	0.3377052	0.18365438	0.14933944000000002	0.16108308000000002	0.2280749	0.1729504	0.2130085822222222
*2/*39	3.6299999999999995e-07	2.428e-07	5.397999999999999e-07	5.669999999999999e-07	2.938e-07	2.0839999999999999e-07	2.396e-07	1.219e-06	3.1359999999999995e-07	4.4300000000000004e-07
*2/*4	0.0	5.90004e-06	0.0	0.00011339999999999999	0.00067574	0.0001042	0.0	1.219e-06	0.0	0.00010005100444444444
*2/*5	0.0	0.0	0.0	0.0018143999999999999	1.942018e-05	0.0	0.0	1.219e-06	0.0	0.0002038932422222222
*2/*6	0.0	2.428e-07	0.0	0.0003401999999999999	8.813999999999999e-05	0.0	0.0	1.219e-06	0.0	4.775575555555555e-05
*2/*7	0.0	2.428e-07	0.0	5.6699999999999996e-05	0.0	0.0	2.396e-07	1.219e-06	0.0	6.489044444444444e-06
*2/*8	0.0003993	0.0	0.0	0.0	0.00099892	0.00027092	0.0	1.219e-06	0.0	0.00018559544444444445
*2/*9	0.0051909	2.428e-07	5.397999999999999e-07	5.6699999999999996e-05	0.00020566	0.00016672	2.396e-07	1.219e-06	0.0084672	0.0015654912444444445
*22/*22	0.0	1e-12	1e-12	0.0	0.0	0.0	1e-12	1e-12	1e-12	5.555555555555555e-13
*22/*23	0.0	2e-12	2e-12	0.0	0.0	0.0	2e-12	2e-12	2e-12	1.111111111111111e-12
*22/*24	0.0	2e-12	2e-12	0.0	0.0	0.0	2e-12	2e-12	2e-12	1.111111111111111e-12
*22/*25	0.0	2e-12	2e-12	0.0	0.0	0.0	2e-12	2e-12	2e-12	1.111111111111111e-12
*22/*26	0.0	2e-12	2e-12	0.0	0.0	0.0	2e-12	2e-12	2e-12	1.111111111111111e-12
*22/*28	0.0	2e-12	2e-12	0.0	0.0	0.0	2e-12	2e-12	7.4e-09	8.231111111111111e-10
*22/*29	0.0	2e-12	2e-12	0.0	0.0	0.0	2e-12	2e-12	2e-12	1.111111111111111e-12
*22/*3	0.0	8e-10	3.1399999999999997e-08	0.0	0.0	0.0	3.3e-08	2.928e-07	5.4e-09	4.037777777777778e-08
*22/*30	0.0	2e-12	2e-12	0.0	0.0	0.0	2e-12	2e-12	2e-12	1.111111111111111e-12
*22/*31	0.0	2e-12	2e-12	0.0	0.0	0.0	2e-12	2e-12	2e-12	1.111111111111111e-12
*22/*32	0.0	2e-12	2e-12	0.0	0.0	0.0	2e-12	2e-12	2e-12	1.111111111111111e-12
*22/*33	0.0	2e-12	2e-12	0.0	0.0	0.0	2e-12	2e-12	2e-12	1.111111111111111e-12
*22/*34	0.0	2e-12	2e-12	0.0	0.0	0.0	2e-12	2e-12	2e-12	1.111111111111111e-12
*22/*35	0.0	2e-12	2e-12	0.0	0.0	0.0	2e-12	2e-12	6.419999999999999e-08	7.134222222222221e-09
*22/*38	0.0	1.5844e-06	1.0872e-06	0.0	0.0	0.0	1.3446e-06	3.7419999999999995e-07	1.1029999999999999e-06	6.103777777777777e-07
*22/*39	0.0	2e-12	2e-12	0.0	0.0	0.0	2e-12	2e-12	2e-12	1.111111111111111e-12
*22/*4	0.0	4.86e-11	0.0	0.0	0.0	0.0	0.0	2e-12	0.0	5.6222222222222224e-12
*22/*5	0.0	0.0	0.0	0.0	0.0	0.0	0.0	2e-12	0.0	2.2222222222222222e-13
*22/*6	0.0	2e-12	0.0	0.0	0.0	0.0	0.0	2e-12	0.0	4.4444444444444444e-13
*22/*7	0.0	2e-12	0.0	0.0	0.0	0.0	2e-12	2e-12	0.0	6.666666666666667e-13
*22/*8	0.0	0.0	0.0	0.0	0.0	0.0	0.0	2e-12	0.0	2.2222222222222222e-13
*22/*9	0.0	2e-12	2e-12	0.0	0.0	0.0	2e-12	2e-12	5.3999999999999994e-08	6.0008888888888886e-09
*23/*23	1e-12	1e-12	1e-12	3.5999999999999994e-07	1e-12	1e-12	1e-12	1e-12	1e-12	4.000088888888887e-08
*23/*24	2e-12	2e-12	2e-12	2.4e-07	2e-12	2e-12	2e-12	2e-12	2e-12	2.6668444444444444e-08
*23/*25	2e-12	2e-12	2e-12	2.4e-07	2e-12	2e-12	2e-12	2e-12	2e-12	2.6668444444444444e-08
*23/*26	2e-12	2e-12	2e-12	0.0	2e-12	2e-12	2e-12	2e-12	2e-12	1.7777777777777778e-12
*23/*28	2e-12	2e-12	2e-12	0.0	2e-12	2e-12	2e-12	2e-12	7.4e-09	8.237777777777778e-10
*23/*29	2e-12	2e-12	2e-12	2.4e-07	2e-12	2e-12	2e-12	2e-12	2e-12	2.6668444444444444e-08
*23/*3	5.6e-09	8e-10	3.1399999999999997e-08	8.699999999999999e-05	3.2e-09	1.6e-09	3.3e-08	2.928e-07	5.4e-09	9.7082e-06
*23/*30	2e-12	2e-12	2e-12	2.4e-07	2e-12	2e-12	2e-12	2e-12	2e-12	2.6668444444444444e-08
*23/*31	2e-12	2e-12	2e-12	2.4e-07	2e-12	2e-12	2e-12	2e-12	2e-12	2.6668444444444444e-08
*23/*32	2e-12	2e-12	2e-12	2.4e-07	2e-12	2e-12	2e-12	2e-12	2e-12	2.6668444444444444e-08
*23/*33	2e-12	2e-12	2e-12	2.4e-07	2e-12	2e-12	2e-12	2e-12	2e-12	2.6668444444444444e-08
*23/*34	2e-12	2e-12	2e-12	0.0	2e-12	2e-12	2e-12	2e-12	2e-12	1.7777777777777778e-12
*23/*35	3.18e-08	2e-12	2e-12	0.0	0.0	2e-12	2e-12	2e-12	6.419999999999999e-08	1.0667777777777778e-08
*23/*38	1.0935999999999998e-06	1.5844e-06	1.0872e-06	0.00071472	1.2502e-06	1.4331999999999999e-06	1.3446e-06	3.7419999999999995e-07	1.1029999999999999e-06	8.044337777777779e-05
*23/*39	2e-12	2e-12	2e-12	1.1999999999999998e-09	2e-12	2e-12	2e-12	2e-12	2e-12	1.3511111111111108e-10
*23/*4	0.0	4.86e-11	0.0	2.4e-07	4.6e-09	1e-09	0.0	2e-12	0.0	2.729451111111111e-08
*23/*5	0.0	0.0	0.0	3.84e-06	1.322e-10	0.0	0.0	2e-12	0.0	4.266815777777777e-07
*23/*6	0.0	2e-12	0.0	7.199999999999999e-07	5.999999999999999e-10	0.0	0.0	2e-12	0.0	8.006711111111109e-08
*23/*7	0.0	2e-12	0.0	1.2e-07	0.0	0.0	2e-12	2e-12	0.0	1.3333999999999999e-08
*23/*8	2.2e-09	0.0	0.0	0.0	6.8e-09	2.5999999999999997e-09	0.0	2e-12	0.0	1.289111111111111e-09
*23/*9	2.8599999999999998e-08	2e-12	2e-12	1.2e-07	1.4e-09	1.6e-09	2e-12	2e-12	5.3999999999999994e-08	2.2845333333333333e-08
*24/*24	1e-12	1e-12	1e-12	4e-08	1e-12	1e-12	1e-12	1e-12	1e-12	4.445333333333334e-09
*24/*25	2e-12	2e-12	2e-12	8e-08	2e-12	2e-12	2e-12	2e-12	2e-12	8.890666666666667e-09
*24/*26	2e-12	2e-12	2e-12	0.0	2e-12	2e-12	2e-12	2e-12	2e-12	1.7777777777777778e-12
*24/*28	2e-12	2e-12	2e-12	0.0	2e-12	2e-12	2e-12	2e-12	7.4e-09	8.237777777777778e-10
*24/*29	2e-12	2e-12	2e-12	8e-08	2e-12	2e-12	2e-12	2e-12	2e-12	8.890666666666667e-09
*24/*3	5.6e-09	8e-10	3.1399999999999997e-08	2.9e-05	3.2e-09	1.6e-09	3.3e-08	2.928e-07	5.4e-09	3.263755555555556e-06
*24/*30	2e-12	2e-12	2e-12	8e-08	2e-12	2e-12	2e-12	2e-12	2e-12	8.890666666666667e-09
*24/*31	2e-12	2e-12	2e-12	8e-08	2e-12	2e-12	2e-12	2e-12	2e-12	8.890666666666667e-09
*24/*32	2e-12	2e-12	2e-12	8e-08	2e-12	2e-12	2e-12	2e-12	2e-12	8.890666666666667e-09
*24/*33	2e-12	2e-12	2e-12	8e-08	2e-12	2e-12	2e-12	2e-12	2e-12	8.890666666666667e-09
*24/*34	2e-12	2e-12	2e-12	0.0	2e-12	2e-12	2e-12	2e-12	2e-12	1.7777777777777778e-12
*24/*35	3.18e-08	2e-12	2e-12	0.0	0.0	2e-12	2e-12	2e-12	6.419999999999999e-08	1.0667777777777778e-08
*24/*38	1.0935999999999998e-06	1.5844e-06	1.0872e-06	0.00023824000000000002	1.2502e-06	1.4331999999999999e-06	1.3446e-06	3.7419999999999995e-07	1.1029999999999999e-06	2.7501155555555558e-05
*24/*39	2e-12	2e-12	2e-12	4e-10	2e-12	2e-12	2e-12	2e-12	2e-12	4.622222222222222e-11
*24/*4	0.0	4.86e-11	0.0	8e-08	4.6e-09	1e-09	0.0	2e-12	0.0	9.516733333333333e-09
*24/*5	0.0	0.0	0.0	1.28e-06	1.322e-10	0.0	0.0	2e-12	0.0	1.4223713333333334e-07
*24/*6	0.0	2e-12	0.0	2.4e-07	5.999999999999999e-10	0.0	0.0	2e-12	0.0	2.6733777777777775e-08
*24/*7	0.0	2e-12	0.0	4e-08	0.0	0.0	2e-12	2e-12	0.0	4.445111111111112e-09
*24/*8	2.2e-09	0.0	0.0	0.0	6.8e-09	2.5999999999999997e-09	0.0	2e-12	0.0	1.289111111111111e-09
*24/*9	2.8599999999999998e-08	2e-12	2e-12	4e-08	1.4e-09	1.6e-09	2e-12	2e-12	5.3999999999999994e-08	1.3956444444444445e-08
*25/*25	1e-12	1e-12	1e-12	4e-08	1e-12	1e-12	1e-12	1e-12	1e-12	4.445333333333334e-09
*25/*26	2e-12	2e-12	2e-12	0.0	2e-12	2e-12	2e-12	2e-12	2e-12	1.7777777777777778e-12
*25/*28	2e-12	2e-12	2e-12	0.0	2e-12	2e-12	2e-12	2e-12	7.4e-09	8.237777777777778e-10
*25/*29	2e-12	2e-12	2e-12	8e-08	2e-12	2e-12	2e-12	2e-12	2e-12	8.890666666666667e-09
*25/*3	5.6e-09	8e-10	3.1399999999999997e-08	2.9e-05	3.2e-09	1.6e-09	3.3e-08	2.928e-07	5.4e-09	3.263755555555556e-06
*25/*30	2e-12	2e-12	2e-12	8e-08	2e-12	2e-12	2e-12	2e-12	2e-12	8.890666666666667e-09
*25/*31	2e-12	2e-12	2e-12	8e-08	2e-12	2e-12	2e-12	2e-12	2e-12	8.890666666666667e-09
*25/*32	2e-12	2e-12	2e-12	8e-08	2e-12	2e-12	2e-12	2e-12	2e-12	8.890666666666667e-09
*25/*33	2e-12	2e-12	2e-12	8e-08	2e-12	2e-12	2e-12	2e-12	2e-12	8.890666666666667e-09
*25/*34	2e-12	2e-12	2e-12	0.0	2e-12	2e-12	2e-12	2e-12	2e-12	1.7777777777777778e-12
*25/*35	3.18e-08	2e-12	2e-12	0.0	0.0	2e-12	2e-12	2e-12	6.419999999999999e-08	1.0667777777777778e-08
*25/*38	1.0935999999999998e-06	1.5844e-06	1.0872e-06	0.00023824000000000002	1.2502e-06	1.4331999999999999e-06	1.3446e-06	3.7419999999999995e-07	1.1029999999999999e-06	2.7501155555555558e-05
*25/*39	2e-12	2e-12	2e-12	4e-10	2e-12	2e-12	2e-12	2e-12	2e-12	4.622222222222222e-11
*25/*4	0.0	4.86e-11	0.0	8e-08	4.6e-09	1e-09	0.0	2e-12	0.0	9.516733333333333e-09
*25/*5	0.0	0.0	0.0	1.28e-06	1.322e-10	0.0	0.0	2e-12	0.0	1.4223713333333334e-07
*25/*6	0.0	2e-12	0.0	2.4e-07	5.999999999999999e-10	0.0	0.0	2e-12	0.0	2.6733777777777775e-08
*25/*7	0.0	2e-12	0.0	4e-08	0.0	0.0	2e-12	2e-12	0.0	4.445111111111112e-09
*25/*8	2.2e-09	0.0	0.0	0.0	6.8e-09	2.5999999999999997e-09	0.0	2e-12	0.0	1.289111111111111e-09
*25/*9	2.8599999999999998e-08	2e-12	2e-12	4e-08	1.4e-09	1.6e-09	2e-12	2e-12	5.3999999999999994e-08	1.3956444444444445e-08
*26/*26	1e-12	1e-12	1e-12	0.0	1e-12	1e-12	1e-12	1e-12	1e-12	8.888888888888889e-13
*26/*28	2e-12	2e-12	2e-12	0.0	2e-12	2e-12	2e-12	2e-12	7.4e-09	8.237777777777778e-10
*26/*29	2e-12	2e-12	2e-12	0.0	2e-12	2e-12	2e-12	2e-12	2e-12	1.7777777777777778e-12
*26/*3	5.6e-09	8e-10	3.1399999999999997e-08	0.0	3.2e-09	1.6e-09	3.3e-08	2.928e-07	5.4e-09	4.153333333333332e-08
*26/*30	2e-12	2e-12	2e-12	0.0	2e-12	2e-12	2e-12	2e-12	2e-12	1.7777777777777778e-12
*26/*31	2e-12	2e-12	2e-12	0.0	2e-12	2e-12	2e-12	2e-12	2e-12	1.7777777777777778e-12
*26/*32	2e-12	2e-12	2e-12	0.0	2e-12	2e-12	2e-12	2e-12	2e-12	1.7777777777777778e-12
*26/*33	2e-12	2e-12	2e-12	0.0	2e-12	2e-12	2e-12	2e-12	2e-12	1.7777777777777778e-12
*26/*34	2e-12	2e-12	2e-12	0.0	2e-12	2e-12	2e-12	2e-12	2e-12	1.7777777777777778e-12
*26/*35	3.18e-08	2e-12	2e-12	0.0	0.0	2e-12	2e-12	2e-12	6.419999999999999e-08	1.0667777777777778e-08
*26/*38	1.0935999999999998e-06	1.5844e-06	1.0872e-06	0.0	1.2502e-06	1.4331999999999999e-06	1.3446e-06	3.7419999999999995e-07	1.1029999999999999e-06	1.0300444444444445e-06
*26/*39	2e-12	2e-12	2e-12	0.0	2e-12	2e-12	2e-12	2e-12	2e-12	1.7777777777777778e-12
*26/*4	0.0	4.86e-11	0.0	0.0	4.6e-09	1e-09	0.0	2e-12	0.0	6.278444444444444e-10
*26/*5	0.0	0.0	0.0	0.0	1.322e-10	0.0	0.0	2e-12	0.0	1.491111111111111e-11
*26/*6	0.0	2e-12	0.0	0.0	5.999999999999999e-10	0.0	0.0	2e-12	0.0	6.71111111111111e-11
*26/*7	0.0	2e-12	0.0	0.0	0.0	0.0	2e-12	2e-12	0.0	6.666666666666667e-13
*26/*8	2.2e-09	0.0	0.0	0.0	6.8e-09	2.5999999999999997e-09	0.0	2e-12	0.0	1.289111111111111e-09
*26/*9	2.8599999999999998e-08	2e-12	2e-12	0.0	1.4e-09	1.6e-09	2e-12	2e-12	5.3999999999999994e-08	9.512e-09
*28/*28	1e-12	1e-12	1e-12	0.0	1e-12	1e-12	1e-12	1e-12	1.3690000000000001e-05	1.5211118888888891e-06
*28/*29	2e-12	2e-12	2e-12	0.0	2e-12	2e-12	2e-12	2e-12	7.4e-09	8.237777777777778e-10
*28/*3	5.6e-09	8e-10	3.1399999999999997e-08	0.0	3.2e-09	1.6e-09	3.3e-08	2.928e-07	1.9980000000000002e-05	2.2609333333333336e-06
*28/*30	2e-12	2e-12	2e-12	0.0	2e-12	2e-12	2e-12	2e-12	7.4e-09	8.237777777777778e-10
*28/*31	2e-12	2e-12	2e-12	0.0	2e-12	2e-12	2e-12	2e-12	7.4e-09	8.237777777777778e-10
*28/*32	2e-12	2e-12	2e-12	0.0	2e-12	2e-12	2e-12	2e-12	7.4e-09	8.237777777777778e-10
*28/*33	2e-12	2e-12	2e-12	0.0	2e-12	2e-12	2e-12	2e-12	7.4e-09	8.237777777777778e-10
*28/*34	2e-12	2e-12	2e-12	0.0	2e-12	2e-12	2e-12	2e-12	7.4e-09	8.237777777777778e-10
*28/*35	3.18e-08	2e-12	2e-12	0.0	0.0	2e-12	2e-12	2e-12	0.00023753999999999998	2.6396867777777773e-05
*28/*38	1.0935999999999998e-06	1.5844e-06	1.0872e-06	0.0	1.2502e-06	1.4331999999999999e-06	1.3446e-06	3.7419999999999995e-07	0.0040811	0.00045436304444444444
*28/*39	2e-12	2e-12	2e-12	0.0	2e-12	2e-12	2e-12	2e-12	7.4e-09	8.237777777777778e-10
*28/*4	0.0	4.86e-11	0.0	0.0	4.6e-09	1e-09	0.0	2e-12	0.0	6.278444444444444e-10
*28/*5	0.0	0.0	0.0	0.0	1.322e-10	0.0	0.0	2e-12	0.0	1.491111111111111e-11
*28/*6	0.0	2e-12	0.0	0.0	5.999999999999999e-10	0.0	0.0	2e-12	0.0	6.71111111111111e-11
*28/*7	0.0	2e-12	0.0	0.0	0.0	0.0	2e-12	2e-12	0.0	6.666666666666667e-13
*28/*8	2.2e-09	0.0	0.0	0.0	6.8e-09	2.5999999999999997e-09	0.0	2e-12	0.0	1.289111111111111e-09
*28/*9	2.8599999999999998e-08	2e-12	2e-12	0.0	1.4e-09	1.6e-09	2e-12	2e-12	0.0001998	2.2203512e-05
*29/*29	1e-12	1e-12	1e-12	4e-08	1e-12	1e-12	1e-12	1e-12	1e-12	4.445333333333334e-09
*29/*3	5.6e-09	8e-10	3.1399999999999997e-08	2.9e-05	3.2e-09	1.6e-09	3.3e-08	2.928e-07	5.4e-09	3.263755555555556e-06
*29/*30	2e-12	2e-12	2e-12	8e-08	2e-12	2e-12	2e-12	2e-12	2e-12	8.890666666666667e-09
*29/*31	2e-12	2e-12	2e-12	8e-08	2e-12	2e-12	2e-12	2e-12	2e-12	8.890666666666667e-09
*29/*32	2e-12	2e-12	2e-12	8e-08	2e-12	2e-12	2e-12	2e-12	2e-12	8.890666666666667e-09
*29/*33	2e-12	2e-12	2e-12	8e-08	2e-12	2e-12	2e-12	2e-12	2e-12	8.890666666666667e-09
*29/*34	2e-12	2e-12	2e-12	0.0	2e-12	2e-12	2e-12	2e-12	2e-12	1.7777777777777778e-12
*29/*35	3.18e-08	2e-12	2e-12	0.0	0.0	2e-12	2e-12	2e-12	6.419999999999999e-08	1.0667777777777778e-08
*29/*38	1.0935999999999998e-06	1.5844e-06	1.0872e-06	0.00023824000000000002	1.2502e-06	1.4331999999999999e-06	1.3446e-06	3.7419999999999995e-07	1.1029999999999999e-06	2.7501155555555558e-05
*29/*39	2e-12	2e-12	2e-12	4e-10	2e-12	2e-12	2e-12	2e-12	2e-12	4.622222222222222e-11
*29/*4	0.0	4.86e-11	0.0	8e-08	4.6e-09	1e-09	0.0	2e-12	0.0	9.516733333333333e-09
*29/*5	0.0	0.0	0.0	1.28e-06	1.322e-10	0.0	0.0	2e-12	0.0	1.4223713333333334e-07
*29/*6	0.0	2e-12	0.0	2.4e-07	5.999999999999999e-10	0.0	0.0	2e-12	0.0	2.6733777777777775e-08
*29/*7	0.0	2e-12	0.0	4e-08	0.0	0.0	2e-12	2e-12	0.0	4.445111111111112e-09
*29/*8	2.2e-09	0.0	0.0	0.0	6.8e-09	2.5999999999999997e-09	0.0	2e-12	0.0	1.289111111111111e-09
*29/*9	2.8599999999999998e-08	2e-12	2e-12	4e-08	1.4e-09	1.6e-09	2e-12	2e-12	5.3999999999999994e-08	1.3956444444444445e-08
*3/*3	7.84e-06	1.6e-07	0.00024649	0.00525625	2.56e-06	6.4e-07	0.00027225000000000003	0.02143296	7.2900000000000005e-06	0.0030251600000000003
*3/*30	5.6e-09	8e-10	3.1399999999999997e-08	2.9e-05	3.2e-09	1.6e-09	3.3e-08	2.928e-07	5.4e-09	3.263755555555556e-06
*3/*31	5.6e-09	8e-10	3.1399999999999997e-08	2.9e-05	3.2e-09	1.6e-09	3.3e-08	2.928e-07	5.4e-09	3.263755555555556e-06
*3/*32	5.6e-09	8e-10	3.1399999999999997e-08	2.9e-05	3.2e-09	1.6e-09	3.3e-08	2.928e-07	5.4e-09	3.263755555555556e-06
*3/*33	5.6e-09	8e-10	3.1399999999999997e-08	2.9e-05	3.2e-09	1.6e-09	3.3e-08	2.928e-07	5.4e-09	3.263755555555556e-06
*3/*34	5.6e-09	8e-10	3.1399999999999997e-08	0.0	3.2e-09	1.6e-09	3.3e-08	2.928e-07	5.4e-09	4.153333333333332e-08
*3/*35	8.904e-05	8e-10	3.1399999999999997e-08	0.0	0.0	1.6e-09	3.3e-08	2.928e-07	0.00017334	2.9193288888888888e-05
*3/*38	0.0030620799999999996	0.00063376	0.017069039999999997	0.086362	0.00200032	0.00114656	0.0221859	0.05478288	0.0029781	0.02113562666666667
*3/*39	5.6e-09	8e-10	3.1399999999999997e-08	1.45e-07	3.2e-09	1.6e-09	3.3e-08	2.928e-07	5.4e-09	5.7644444444444433e-08
*3/*4	0.0	1.944e-08	0.0	2.9e-05	7.36e-06	8.000000000000001e-07	0.0	2.928e-07	0.0	4.163582222222222e-06
*3/*5	0.0	0.0	0.0	0.000464	2.1151999999999998e-07	0.0	0.0	2.928e-07	0.0	5.161159111111111e-05
*3/*6	0.0	8e-10	0.0	8.699999999999999e-05	9.6e-07	0.0	0.0	2.928e-07	0.0	9.805955555555555e-06
*3/*7	0.0	8e-10	0.0	1.45e-05	0.0	0.0	3.3e-08	2.928e-07	0.0	1.6473999999999999e-06
*3/*8	6.16e-06	0.0	0.0	0.0	1.088e-05	2.08e-06	0.0	2.928e-07	0.0	2.1569777777777774e-06
*3/*9	8.008e-05	8e-10	3.1399999999999997e-08	1.45e-05	2.24e-06	1.28e-06	3.3e-08	2.928e-07	0.0001458	2.713977777777778e-05
*30/*30	1e-12	1e-12	1e-12	4e-08	1e-12	1e-12	1e-12	1e-12	1e-12	4.445333333333334e-09
*30/*31	2e-12	2e-12	2e-12	8e-08	2e-12	2e-12	2e-12	2e-12	2e-12	8.890666666666667e-09
*30/*32	2e-12	2e-12	2e-12	8e-08	2e-12	2e-12	2e-12	2e-12	2e-12	8.890666666666667e-09
*30/*33	2e-12	2e-12	2e-12	8e-08	2e-12	2e-12	2e-12	2e-12	2e-12	8.890666666666667e-09
*30/*34	2e-12	2e-12	2e-12	0.0	2e-12	2e-12	2e-12	2e-12	2e-12	1.7777777777777778e-12
*30/*35	3.18e-08	2e-12	2e-12	0.0	0.0	2e-12	2e-12	2e-12	6.419999999999999e-08	1.0667777777777778e-08
*30/*38	1.0935999999999998e-06	1.5844e-06	1.0872e-06	0.00023824000000000002	1.2502e-06	1.4331999999999999e-06	1.3446e-06	3.7419999999999995e-07	1.1029999999999999e-06	2.7501155555555558e-05
*30/*39	2e-12	2e-12	2e-12	4e-10	2e-12	2e-12	2e-12	2e-12	2e-12	4.622222222222222e-11
*30/*4	0.0	4.86e-11	0.0	8e-08	4.6e-09	1e-09	0.0	2e-12	0.0	9.516733333333333e-09
*30/*5	0.0	0.0	0.0	1.28e-06	1.322e-10	0.0	0.0	2e-12	0.0	1.4223713333333334e-07
*30/*6	0.0	2e-12	0.0	2.4e-07	5.999999999999999e-10	0.0	0.0	2e-12	0.0	2.6733777777777775e-08
*30/*7	0.0	2e-12	0.0	4e-08	0.0	0.0	2e-12	2e-12	0.0	4.445111111111112e-09
*30/*8	2.2e-09	0.0	0.0	0.0	6.8e-09	2.5999999999999997e-09	0.0	2e-12	0.0	1.289111111111111e-09
*30/*9	2.8599999999999998e-08	2e-12	2e-12	4e-08	1.4e-09	1.6e-09	2e-12	2e-12	5.3999999999999994e-08	1.3956444444444445e-08
*31/*31	1e-12	1e-12	1e-12	4e-08	1e-12	1e-12	1e-12	1e-12	1e-12	4.445333333333334e-09
*31/*32	2e-12	2e-12	2e-12	8e-08	2e-12	2e-12	2e-12	2e-12	2e-12	8.890666666666667e-09
*31/*33	2e-12	2e-12	2e-12	8e-08	2e-12	2e-12	2e-12	2e-12	2e-12	8.890666666666667e-09
*31/*34	2e-12	2e-12	2e-12	0.0	2e-12	2e-12	2e-12	2e-12	2e-12	1.7777777777777778e-12
*31/*35	3.18e-08	2e-12	2e-12	0.0	0.0	2e-12	2e-12	2e-12	6.419999999999999e-08	1.0667777777777778e-08
*31/*38	1.0935999999999998e-06	1.5844e-06	1.0872e-06	0.00023824000000000002	1.2502e-06	1.4331999999999999e-06	1.3446e-06	3.7419999999999995e-07	1.1029999999999999e-06	2.7501155555555558e-05
*31/*39	2e-12	2e-12	2e-12	4e-10	2e-12	2e-12	2e-12	2e-12	2e-12	4.622222222222222e-11
*31/*4	0.0	4.86e-11	0.0	8e-08	4.6e-09	1e-09	0.0	2e-12	0.0	9.516733333333333e-09
*31/*5	0.0	0.0	0.0	1.28e-06	1.322e-10	0.0	0.0	2e-12	0.0	1.4223713333333334e-07
*31/*6	0.0	2e-12	0.0	2.4e-07	5.999999999999999e-10	0.0	0.0	2e-12	0.0	2.6733777777777775e-08
*31/*7	0.0	2e-12	0.0	4e-08	0.0	0.0	2e-12	2e-12	0.0	4.445111111111112e-09
*31/*8	2.2e-09	0.0	0.0	0.0	6.8e-09	2.5999999999999997e-09	0.0	2e-12	0.0	1.289111111111111e-09
*31/*9	2.8599999999999998e-08	2e-12	2e-12	4e-08	1.4e-09	1.6e-09	2e-12	2e-12	5.3999999999999994e-08	1.3956444444444445e-08
*32/*32	1e-12	1e-12	1e-12	4e-08	1e-12	1e-12	1e-12	1e-12	1e-12	4.445333333333334e-09
*32/*33	2e-12	2e-12	2e-12	8e-08	2e-12	2e-12	2e-12	2e-12	2e-12	8.890666666666667e-09
*32/*34	2e-12	2e-12	2e-12	0.0	2e-12	2e-12	2e-12	2e-12	2e-12	1.7777777777777778e-12
*32/*35	3.18e-08	2e-12	2e-12	0.0	0.0	2e-12	2e-12	2e-12	6.419999999999999e-08	1.0667777777777778e-08
*32/*38	1.0935999999999998e-06	1.5844e-06	1.0872e-06	0.00023824000000000002	1.2502e-06	1.4331999999999999e-06	1.3446e-06	3.7419999999999995e-07	1.1029999999999999e-06	2.7501155555555558e-05
*32/*39	2e-12	2e-12	2e-12	4e-10	2e-12	2e-12	2e-12	2e-12	2e-12	4.622222222222222e-11
*32/*4	0.0	4.86e-11	0.0	8e-08	4.6e-09	1e-09	0.0	2e-12	0.0	9.516733333333333e-09
*32/*5	0.0	0.0	0.0	1.28e-06	1.322e-10	0.0	0.0	2e-12	0.0	1.4223713333333334e-07
*32/*6	0.0	2e-12	0.0	2.4e-07	5.999999999999999e-10	0.0	0.0	2e-12	0.0	2.6733777777777775e-08
*32/*7	0.0	2e-12	0.0	4e-08	0.0	0.0	2e-12	2e-12	0.0	4.445111111111112e-09
*32/*8	2.2e-09	0.0	0.0	0.0	6.8e-09	2.5999999999999997e-09	0.0	2e-12	0.0	1.289111111111111e-09
*32/*9	2.8599999999999998e-08	2e-12	2e-12	4e-08	1.4e-09	1.6e-09	2e-12	2e-12	5.3999999999999994e-08	1.3956444444444445e-08
*33/*33	1e-12	1e-12	1e-12	4e-08	1e-12	1e-12	1e-12	1e-12	1e-12	4.445333333333334e-09
*33/*34	2e-12	2e-12	2e-12	0.0	2e-12	2e-12	2e-12	2e-12	2e-12	1.7777777777777778e-12
*33/*35	3.18e-08	2e-12	2e-12	0.0	0.0	2e-12	2e-12	2e-12	6.419999999999999e-08	1.0667777777777778e-08
*33/*38	1.0935999999999998e-06	1.5844e-06	1.0872e-06	0.00023824000000000002	1.2502e-06	1.4331999999999999e-06	1.3446e-06	3.7419999999999995e-07	1.1029999999999999e-06	2.7501155555555558e-05
*33/*39	2e-12	2e-12	2e-12	4e-10	2e-12	2e-12	2e-12	2e-12	2e-12	4.622222222222222e-11
*33/*4	0.0	4.86e-11	0.0	8e-08	4.6e-09	1e-09	0.0	2e-12	0.0	9.516733333333333e-09
*33/*5	0.0	0.0	0.0	1.28e-06	1.322e-10	0.0	0.0	2e-12	0.0	1.4223713333333334e-07
*33/*6	0.0	2e-12	0.0	2.4e-07	5.999999999999999e-10	0.0	0.0	2e-12	0.0	2.6733777777777775e-08
*33/*7	0.0	2e-12	0.0	4e-08	0.0	0.0	2e-12	2e-12	0.0	4.445111111111112e-09
*33/*8	2.2e-09	0.0	0.0	0.0	6.8e-09	2.5999999999999997e-09	0.0	2e-12	0.0	1.289111111111111e-09
*33/*9	2.8599999999999998e-08	2e-12	2e-12	4e-08	1.4e-09	1.6e-09	2e-12	2e-12	5.3999999999999994e-08	1.3956444444444445e-08
*34/*34	1e-12	1e-12	1e-12	0.0	1e-12	1e-12	1e-12	1e-12	1e-12	8.888888888888889e-13
*34/*35	3.18e-08	2e-12	2e-12	0.0	0.0	2e-12	2e-12	2e-12	6.419999999999999e-08	1.0667777777777778e-08
*34/*38	1.0935999999999998e-06	1.5844e-06	1.0872e-06	0.0	1.2502e-06	1.4331999999999999e-06	1.3446e-06	3.7419999999999995e-07	1.1029999999999999e-06	1.0300444444444445e-06
*34/*39	2e-12	2e-12	2e-12	0.0	2e-12	2e-12	2e-12	2e-12	2e-12	1.7777777777777778e-12
*34/*4	0.0	4.86e-11	0.0	0.0	4.6e-09	1e-09	0.0	2e-12	0.0	6.278444444444444e-10
*34/*5	0.0	0.0	0.0	0.0	1.322e-10	0.0	0.0	2e-12	0.0	1.491111111111111e-11
*34/*6	0.0	2e-12	0.0	0.0	5.999999999999999e-10	0.0	0.0	2e-12	0.0	6.71111111111111e-11
*34/*7	0.0	2e-12	0.0	0.0	0.0	0.0	2e-12	2e-12	0.0	6.666666666666667e-13
*34/*8	2.2e-09	0.0	0.0	0.0	6.8e-09	2.5999999999999997e-09	0.0	2e-12	0.0	1.289111111111111e-09
*34/*9	2.8599999999999998e-08	2e-12	2e-12	0.0	1.4e-09	1.6e-09	2e-12	2e-12	5.3999999999999994e-08	9.512e-09
*35/*35	0.00025281	1e-12	1e-12	0.0	0.0	1e-12	1e-12	1e-12	0.0010304099999999998	0.00014258000055555553
*35/*38	0.01738824	1.5844e-06	1.0872e-06	0.0	0.0	1.4331999999999999e-06	1.3446e-06	3.7419999999999995e-07	0.035406299999999995	0.005866707066666667
*35/*39	3.18e-08	2e-12	2e-12	0.0	0.0	2e-12	2e-12	2e-12	6.419999999999999e-08	1.0667777777777778e-08
*35/*4	0.0	4.86e-11	0.0	0.0	0.0	1e-09	0.0	2e-12	0.0	1.1673333333333334e-10
*35/*5	0.0	0.0	0.0	0.0	0.0	0.0	0.0	2e-12	0.0	2.2222222222222222e-13
*35/*6	0.0	2e-12	0.0	0.0	0.0	0.0	0.0	2e-12	0.0	4.4444444444444444e-13
*35/*7	0.0	2e-12	0.0	0.0	0.0	0.0	2e-12	2e-12	0.0	6.666666666666667e-13
*35/*8	3.498000000000001e-05	0.0	0.0	0.0	0.0	2.5999999999999997e-09	0.0	2e-12	0.0	3.886955777777778e-06
*35/*9	0.00045474	2e-12	2e-12	0.0	0.0	1.6e-09	2e-12	2e-12	0.0017333999999999997	0.00024312684533333328
*38/*38	0.29899023999999996	0.62758084	0.29550096	0.35473936	0.39075001	0.51351556	0.45198729	0.035006409999999995	0.30415225	0.36358032444444444
*38/*39	1.0935999999999998e-06	1.5844e-06	1.0872e-06	1.1912e-06	1.2502e-06	1.4331999999999999e-06	1.3446e-06	3.7419999999999995e-07	1.1029999999999999e-06	1.1624e-06
*38/*4	0.0	3.8500920000000004e-05	0.0	0.00023824000000000002	0.00287546	0.0007166000000000001	0.0	3.7419999999999995e-07	0.0	0.0004299083466666666
*38/*5	0.0	0.0	0.0	0.0038118400000000004	8.263821999999999e-05	0.0	0.0	3.7419999999999995e-07	0.0	0.00043276138000000004
*38/*6	0.0	1.5844e-06	0.0	0.00071472	0.00037506	0.0	0.0	3.7419999999999995e-07	0.0	0.0001213042888888889
*38/*7	0.0	1.5844e-06	0.0	0.00011912000000000001	0.0	0.0	1.3446e-06	3.7419999999999995e-07	0.0	1.360257777777778e-05
*38/*8	0.0012029599999999999	0.0	0.0	0.0	0.00425068	0.00186316	0.0	3.7419999999999995e-07	0.0	0.0008130193555555555
*38/*9	0.01563848	1.5844e-06	1.0872e-06	0.00011912000000000001	0.0008751399999999999	0.00114656	1.3446e-06	3.7419999999999995e-07	0.029781	0.0052849656
*39/*39	1e-12	1e-12	1e-12	1e-12	1e-12	1e-12	1e-12	1e-12	1e-12	1e-12
*39/*4	0.0	4.86e-11	0.0	4e-10	4.6e-09	1e-09	0.0	2e-12	0.0	6.722888888888889e-10
*39/*5	0.0	0.0	0.0	6.4e-09	1.322e-10	0.0	0.0	2e-12	0.0	7.260222222222223e-10
*39/*6	0.0	2e-12	0.0	1.1999999999999998e-09	5.999999999999999e-10	0.0	0.0	2e-12	0.0	2.0044444444444442e-10
*39/*7	0.0	2e-12	0.0	2e-10	0.0	0.0	2e-12	2e-12	0.0	2.2888888888888886e-11
*39/*8	2.2e-09	0.0	0.0	0.0	6.8e-09	2.5999999999999997e-09	0.0	2e-12	0.0	1.289111111111111e-09
*39/*9	2.8599999999999998e-08	2e-12	2e-12	2e-10	1.4e-09	1.6e-09	2e-12	2e-12	5.3999999999999994e-08	9.534222222222221e-09
*4/*4	0.0	5.904900000000001e-10	0.0	4e-08	5.29e-06	2.5e-07	0.0	1e-12	0.0	6.200657211111112e-07
*4/*5	0.0	0.0	0.0	1.28e-06	3.0406e-07	0.0	0.0	2e-12	0.0	1.7600688888888888e-07
*4/*6	0.0	4.86e-11	0.0	2.4e-07	1.38e-06	0.0	0.0	2e-12	0.0	1.800056222222222e-07
*4/*7	0.0	4.86e-11	0.0	4e-08	0.0	0.0	0.0	2e-12	0.0	4.450066666666667e-09
*4/*8	0.0	0.0	0.0	0.0	1.564e-05	1.3e-06	0.0	2e-12	0.0	1.8822224444444444e-06
*4/*9	0.0	4.86e-11	0.0	4e-08	3.22e-06	8.000000000000001e-07	0.0	2e-12	0.0	4.5111673333333334e-07
*5/*5	0.0	0.0	0.0	1.024e-05	4.369209999999999e-09	0.0	0.0	1e-12	0.0	1.1382633566666666e-06
*5/*6	0.0	0.0	0.0	3.84e-06	3.965999999999999e-08	0.0	0.0	2e-12	0.0	4.310735555555555e-07
*5/*7	0.0	0.0	0.0	6.4e-07	0.0	0.0	0.0	2e-12	0.0	7.111133333333332e-08
*5/*8	0.0	0.0	0.0	0.0	4.494799999999999e-07	0.0	0.0	2e-12	0.0	4.9942444444444435e-08
*5/*9	0.0	0.0	0.0	6.4e-07	9.254e-08	0.0	0.0	2e-12	0.0	8.139355555555555e-08
*6/*6	0.0	1e-12	0.0	3.5999999999999994e-07	8.999999999999999e-08	0.0	0.0	1e-12	0.0	5.0000222222222206e-08
*6/*7	0.0	2e-12	0.0	1.2e-07	0.0	0.0	0.0	2e-12	0.0	1.3333777777777777e-08
*6/*8	0.0	0.0	0.0	0.0	2.0399999999999995e-06	0.0	0.0	2e-12	0.0	2.2666688888888883e-07
*6/*9	0.0	2e-12	0.0	1.2e-07	4.1999999999999995e-07	0.0	0.0	2e-12	0.0	6.000044444444444e-08
*7/*7	0.0	1e-12	0.0	1e-08	0.0	0.0	1e-12	1e-12	0.0	1.1114444444444443e-09
*7/*8	0.0	0.0	0.0	0.0	0.0	0.0	0.0	2e-12	0.0	2.2222222222222222e-13
*7/*9	0.0	2e-12	0.0	2e-08	0.0	0.0	2e-12	2e-12	0.0	2.2228888888888886e-09
*8/*8	1.21e-06	0.0	0.0	0.0	1.156e-05	1.69e-06	0.0	1e-12	0.0	1.6066667777777777e-06
*8/*9	3.146e-05	0.0	0.0	0.0	4.759999999999999e-06	2.08e-06	0.0	2e-12	0.0	4.255555777777778e-06
*9/*9	0.00020449000000000002	1e-12	1e-12	1e-08	4.9e-07	6.4e-07	1e-12	1e-12	0.0007289999999999999	0.0001038477782222222
