	African_American_Afro_Caribbean	American	Central_South_Asian	East_Asian	European	Latino	Near_Eastern	Oceanian	Sub_Saharan_African	Global
*1/*1	0.78057225	1e-12	0.98109025	0.6203137599999999	0.952576	0.96569929	0.22657599999999997	0.11560000000000002	0.59182249	0.581583337777889
*1/*10	1.7669999999999998e-06	2e-12	1.981e-06	1.5751999999999998e-06	1.9519999999999997e-06	1.9654e-06	9.52e-07	6.800000000000001e-07	1.5386e-06	1.3790224444444445e-06
*1/*11	0.0044174999999999996	2e-12	0.0043582000000000004	0.0	0.005856	0.00334118	9.52e-07	6.800000000000001e-07	0.10908674	0.01411791688911111
*1/*12	0.0	2e-12	0.0	0.0	0.0001952	0.0009827	9.52e-07	6.800000000000001e-07	0.0	0.00013105911133333333
*1/*13	1.7669999999999998e-06	2e-12	1.981e-06	1.5751999999999998e-06	1.9519999999999997e-06	1.9654e-06	9.52e-07	6.800000000000001e-07	1.5386e-06	1.3790224444444445e-06
*1/*14	0.0	2e-12	0.0053487000000000005	0.0	0.0099552	0.00334118	9.52e-07	6.800000000000001e-07	0.0	0.002071856889111111
*1/*15	0.0	2e-12	0.00019810000000000002	0.0	0.0134688	0.00314464	9.52e-07	6.800000000000001e-07	0.022309700000000002	0.004346985778
*1/*17	0.12545699999999999	2e-12	1.981e-06	0.0	0.0	0.0	9.52e-07	6.800000000000001e-07	0.01938636	0.016094108111333334
*1/*18	0.058311	2e-12	1.981e-06	0.0	0.0	0.02869484	9.52e-07	6.800000000000001e-07	0.08877722	0.01953185255577778
*1/*19	0.0	2e-12	1.981e-06	0.0	1.9519999999999997e-06	1.9654e-06	9.52e-07	6.800000000000001e-07	0.0246176	0.0027361256002222225
*1/*2	0.054777	2e-12	0.081221	0.07214416	0.0960384	0.0864776	0.037128	0.0	0.0476966	0.052831417777999996
*1/*20	0.0	2e-12	1.981e-06	0.0	1.9519999999999997e-06	1.9654e-06	9.52e-07	6.800000000000001e-07	0.0246176	0.0027361256002222225
*1/*21	0.0	2e-12	0.0	0.0	0.0	0.0	9.52e-07	6.800000000000001e-07	0.01954022	0.002171316889111111
*1/*22	0.019437	2e-12	1.981e-06	1.5751999999999998e-06	0.027328	1.9654e-06	9.52e-07	6.800000000000001e-07	0.0476966	0.010496528178
*1/*23	0.0	2e-12	0.0	0.00330792	0.0001952	0.0	9.52e-07	6.800000000000001e-07	0.0	0.00038941688911111103
*1/*24	1.7669999999999998e-06	2e-12	1.981e-06	1.5751999999999998e-06	1.9519999999999997e-06	1.9654e-06	9.52e-07	6.800000000000001e-07	1.5386e-06	1.3790224444444445e-06
*1/*25	1.7669999999999998e-06	2e-12	1.981e-06	1.5751999999999998e-06	1.9519999999999997e-06	1.9654e-06	9.52e-07	6.800000000000001e-07	1.5386e-06	1.3790224444444445e-06
*1/*26	1.7669999999999998e-06	2e-12	1.981e-06	1.5751999999999998e-06	1.9519999999999997e-06	1.9654e-06	9.52e-07	6.800000000000001e-07	1.5386e-06	1.3790224444444445e-06
*1/*27	1.7669999999999998e-06	2e-12	0.0	0.0126016	0.0	0.0	9.52e-07	6.800000000000001e-07	0.0092316	0.002426288778
*1/*28	1.7669999999999998e-06	2e-12	1.981e-06	1.5751999999999998e-06	0.0	0.0	9.52e-07	6.800000000000001e-07	0.0092316	0.0010265061335555555
*1/*3	0.004064099999999999	2e-12	0.0047544	0.0	0.0040992	0.00353772	9.52e-07	0.0	0.0	0.0018284857779999998
*1/*31	1.7669999999999998e-06	2e-12	0.0	1.5751999999999998e-06	0.0	0.0	9.52e-07	6.800000000000001e-07	1.5386e-06	7.236446666666666e-07
*1/*32	1.7669999999999998e-06	2e-12	0.0	1.5751999999999998e-06	0.0	0.0	9.52e-07	6.800000000000001e-07	1.5386e-06	7.236446666666666e-07
*1/*33	1.7669999999999998e-06	2e-12	1.981e-06	1.5751999999999998e-06	1.9519999999999997e-06	1.9654e-06	9.52e-07	6.800000000000001e-07	1.5386e-06	1.3790224444444445e-06
*1/*34	1.7669999999999998e-06	2e-12	1.981e-06	1.5751999999999998e-06	1.9519999999999997e-06	1.9654e-06	9.52e-07	6.800000000000001e-07	1.5386e-06	1.3790224444444445e-06
*1/*35	1.7669999999999998e-06	2e-12	1.981e-06	1.5751999999999998e-06	1.9519999999999997e-06	1.9654e-06	9.52e-07	6.800000000000001e-07	1.5386e-06	1.3790224444444445e-06
*1/*36	1.7669999999999998e-06	2e-12	1.981e-06	1.5751999999999998e-06	1.9519999999999997e-06	1.9654e-06	9.52e-07	6.800000000000001e-07	1.5386e-06	1.3790224444444445e-06
*1/*37	1.7669999999999998e-06	2e-12	1.981e-06	1.5751999999999998e-06	1.9519999999999997e-06	1.9654e-06	9.52e-07	6.800000000000001e-07	1.5386e-06	1.3790224444444445e-06
*1/*38	1.7669999999999998e-06	2e-12	1.981e-06	1.5751999999999998e-06	1.9519999999999997e-06	1.9654e-06	9.52e-07	6.800000000000001e-07	1.5386e-06	1.3790224444444445e-06
*1/*4	0.0182001	2e-12	0.19611900000000002	0.13263184	0.0798368	0.20872548000000002	0.09900799999999998	0.0	0.0	0.0816134688891111
*1/*5	0.1097307	2e-12	1.981e-06	0.017327199999999997	0.22545600000000002	0.07488174	0.022848	0.013600000000000001	0.030772	0.05495751344466668
*1/*6	0.5601389999999999	2e-12	0.366485	0.27487239999999996	0.454816	0.41587864	0.219912	0.42160000000000003	0.57682114	0.36561379777799996
*1/*7	0.0	2e-12	1.981e-06	0.0	0.0484096	0.0157232	0.022848	0.0068000000000000005	0.0246176	0.013155597889111111
*1/*8	0.0	2e-12	1.981e-06	1.5751999999999998e-06	1.9519999999999997e-06	1.9654e-06	9.52e-07	6.800000000000001e-07	1.5386e-06	1.1826891111111112e-06
*1/*9	0.08216549999999999	2e-12	0.116879	0.05418688	0.0286944	0.14288458	0.097104	0.0068000000000000005	1.5386e-06	0.058746210955777776
*10/*10	1e-12	1e-12	1e-12	1e-12	1e-12	1e-12	1e-12	1e-12	1e-12	1e-12
*10/*11	5e-09	2e-12	4.4e-09	0.0	6e-09	3.4e-09	2e-12	2e-12	1.418e-07	1.7845111111111113e-08
*10/*12	0.0	2e-12	0.0	0.0	2e-10	1e-09	2e-12	2e-12	0.0	1.34e-10
*10/*13	2e-12	2e-12	2e-12	2e-12	2e-12	2e-12	2e-12	2e-12	2e-12	2e-12
*10/*14	0.0	2e-12	5.4e-09	0.0	1.02e-08	3.4e-09	2e-12	2e-12	0.0	2.1117777777777776e-09
*10/*15	0.0	2e-12	2e-10	0.0	1.38e-08	3.2e-09	2e-12	2e-12	2.9e-08	5.134e-09
*10/*17	1.4199999999999997e-07	2e-12	2e-12	0.0	0.0	0.0	2e-12	2e-12	2.52e-08	1.8578666666666665e-08
*10/*18	6.6e-08	2e-12	2e-12	0.0	0.0	2.92e-08	2e-12	2e-12	1.154e-07	2.3400888888888888e-08
*10/*19	0.0	2e-12	2e-12	0.0	2e-12	2e-12	2e-12	2e-12	3.2e-08	3.556888888888889e-09
*10/*2	6.2e-08	2e-12	8.2e-08	9.16e-08	9.84e-08	8.8e-08	7.8e-08	0.0	6.2e-08	6.244466666666667e-08
*10/*20	0.0	2e-12	2e-12	0.0	2e-12	2e-12	2e-12	2e-12	3.2e-08	3.556888888888889e-09
*10/*21	0.0	2e-12	0.0	0.0	0.0	0.0	2e-12	2e-12	2.54e-08	2.822888888888889e-09
*10/*22	2.2e-08	2e-12	2e-12	2e-12	2.8e-08	2e-12	2e-12	2e-12	6.2e-08	1.2445777777777778e-08
*10/*23	0.0	2e-12	0.0	4.1999999999999996e-09	2e-10	0.0	2e-12	2e-12	0.0	4.895555555555555e-10
*10/*24	2e-12	2e-12	2e-12	2e-12	2e-12	2e-12	2e-12	2e-12	2e-12	2e-12
*10/*25	2e-12	2e-12	2e-12	2e-12	2e-12	2e-12	2e-12	2e-12	2e-12	2e-12
*10/*26	2e-12	2e-12	2e-12	2e-12	2e-12	2e-12	2e-12	2e-12	2e-12	2e-12
*10/*27	2e-12	2e-12	0.0	1.6e-08	0.0	0.0	2e-12	2e-12	1.2e-08	3.112e-09
*10/*28	2e-12	2e-12	2e-12	2e-12	0.0	0.0	2e-12	2e-12	1.2e-08	1.3346666666666666e-09
*10/*3	4.6e-09	2e-12	4.799999999999999e-09	0.0	4.1999999999999996e-09	3.5999999999999996e-09	2e-12	0.0	0.0	1.9115555555555553e-09
*10/*31	2e-12	2e-12	0.0	2e-12	0.0	0.0	2e-12	2e-12	2e-12	1.3333333333333332e-12
*10/*32	2e-12	2e-12	0.0	2e-12	0.0	0.0	2e-12	2e-12	2e-12	1.3333333333333332e-12
*10/*33	2e-12	2e-12	2e-12	2e-12	2e-12	2e-12	2e-12	2e-12	2e-12	2e-12
*10/*34	2e-12	2e-12	2e-12	2e-12	2e-12	2e-12	2e-12	2e-12	2e-12	2e-12
*10/*35	2e-12	2e-12	2e-12	2e-12	2e-12	2e-12	2e-12	2e-12	2e-12	2e-12
*10/*36	2e-12	2e-12	2e-12	2e-12	2e-12	2e-12	2e-12	2e-12	2e-12	2e-12
*10/*37	2e-12	2e-12	2e-12	2e-12	2e-12	2e-12	2e-12	2e-12	2e-12	2e-12
*10/*38	2e-12	2e-12	2e-12	2e-12	2e-12	2e-12	2e-12	2e-12	2e-12	2e-12
*10/*4	2.06e-08	2e-12	1.98e-07	1.684e-07	8.179999999999999e-08	2.124e-07	2.0799999999999998e-07	0.0	0.0	9.880022222222221e-08
*10/*5	1.242e-07	2e-12	2e-12	2.2e-08	2.31e-07	7.62e-08	4.8e-08	4e-08	4e-08	6.460044444444445e-08
*10/*6	6.34e-07	2e-12	3.7e-07	3.4899999999999996e-07	4.66e-07	4.232e-07	4.62e-07	1.24e-06	7.498e-07	5.215557777777777e-07
*10/*7	0.0	2e-12	2e-12	0.0	4.9599999999999994e-08	1.6e-08	4.8e-08	2e-08	3.2e-08	1.8400444444444443e-08
*10/*8	0.0	2e-12	2e-12	2e-12	2e-12	2e-12	2e-12	2e-12	2e-12	1.7777777777777778e-12
*10/*9	9.3e-08	2e-12	1.1799999999999998e-07	6.88e-08	2.94e-08	1.454e-07	2.0399999999999997e-07	2e-08	2e-12	7.540044444444443e-08
*11/*11	6.25e-06	1e-12	4.84e-06	0.0	9e-06	2.89e-06	1e-12	1e-12	0.0050268100000000005	0.0005610877781111112
*11/*12	0.0	2e-12	0.0	0.0	6.000000000000001e-07	1.7e-06	2e-12	2e-12	0.0	2.555562222222222e-07
*11/*13	5e-09	2e-12	4.4e-09	0.0	6e-09	3.4e-09	2e-12	2e-12	1.418e-07	1.7845111111111113e-08
*11/*14	0.0	2e-12	1.1880000000000001e-05	0.0	3.0600000000000005e-05	5.78e-06	2e-12	2e-12	0.0	5.362222888888889e-06
*11/*15	0.0	2e-12	4.4e-07	0.0	4.1400000000000003e-05	5.44e-06	2e-12	2e-12	0.0020561000000000004	0.00023370888955555563
*11/*17	0.00035499999999999996	2e-12	4.4e-09	0.0	0.0	0.0	2e-12	2e-12	0.0017866800000000001	0.00023796493400000002
*11/*18	0.000165	2e-12	4.4e-09	0.0	0.0	4.964e-05	2e-12	2e-12	0.008181860000000001	0.000932944934
*11/*19	0.0	2e-12	4.4e-09	0.0	6e-09	3.4e-09	2e-12	2e-12	0.0022688	0.0002520904228888889
*11/*2	0.000155	2e-12	0.00018040000000000002	0.0	0.0002952	0.00014959999999999998	7.8e-08	0.0	0.0043958	0.000575119778
*11/*20	0.0	2e-12	4.4e-09	0.0	6e-09	3.4e-09	2e-12	2e-12	0.0022688	0.0002520904228888889
*11/*21	0.0	2e-12	0.0	0.0	0.0	0.0	2e-12	2e-12	0.00180086	0.0002000955562222222
*11/*22	5.4999999999999995e-05	2e-12	4.4e-09	0.0	8.400000000000001e-05	3.4e-09	2e-12	2e-12	0.0043958	0.000503867534
*11/*23	0.0	2e-12	0.0	0.0	6.000000000000001e-07	0.0	2e-12	2e-12	0.0	6.666733333333333e-08
*11/*24	5e-09	2e-12	4.4e-09	0.0	6e-09	3.4e-09	2e-12	2e-12	1.418e-07	1.7845111111111113e-08
*11/*25	5e-09	2e-12	4.4e-09	0.0	6e-09	3.4e-09	2e-12	2e-12	1.418e-07	1.7845111111111113e-08
*11/*26	5e-09	2e-12	4.4e-09	0.0	6e-09	3.4e-09	2e-12	2e-12	1.418e-07	1.7845111111111113e-08
*11/*27	5e-09	2e-12	0.0	0.0	0.0	0.0	2e-12	2e-12	0.0008508000000000001	9.453388955555556e-05
*11/*28	5e-09	2e-12	4.4e-09	0.0	0.0	0.0	2e-12	2e-12	0.0008508000000000001	9.453437844444446e-05
*11/*3	1.15e-05	2e-12	1.056e-05	0.0	1.26e-05	6.12e-06	2e-12	0.0	0.0	4.5311115555555556e-06
*11/*31	5e-09	2e-12	0.0	0.0	0.0	0.0	2e-12	2e-12	1.418e-07	1.631177777777778e-08
*11/*32	5e-09	2e-12	0.0	0.0	0.0	0.0	2e-12	2e-12	1.418e-07	1.631177777777778e-08
*11/*33	5e-09	2e-12	4.4e-09	0.0	6e-09	3.4e-09	2e-12	2e-12	1.418e-07	1.7845111111111113e-08
*11/*34	5e-09	2e-12	4.4e-09	0.0	6e-09	3.4e-09	2e-12	2e-12	1.418e-07	1.7845111111111113e-08
*11/*35	5e-09	2e-12	4.4e-09	0.0	6e-09	3.4e-09	2e-12	2e-12	1.418e-07	1.7845111111111113e-08
*11/*36	5e-09	2e-12	4.4e-09	0.0	6e-09	3.4e-09	2e-12	2e-12	1.418e-07	1.7845111111111113e-08
*11/*37	5e-09	2e-12	4.4e-09	0.0	6e-09	3.4e-09	2e-12	2e-12	1.418e-07	1.7845111111111113e-08
*11/*38	5e-09	2e-12	4.4e-09	0.0	6e-09	3.4e-09	2e-12	2e-12	1.418e-07	1.7845111111111113e-08
*11/*4	5.1500000000000005e-05	2e-12	0.00043560000000000007	0.0	0.0002454	0.00036108	2.0799999999999998e-07	0.0	0.0	0.00012153200022222223
*11/*5	0.0003105	2e-12	4.4e-09	0.0	0.000693	0.00012954	4.8e-08	4e-08	0.0028360000000000004	0.00044101471133333337
*11/*6	0.001585	2e-12	0.000814	0.0	0.0013980000000000002	0.00071944	4.62e-07	1.24e-06	0.053160820000000004	0.006408773555777778
*11/*7	0.0	2e-12	4.4e-09	0.0	0.00014879999999999998	2.72e-05	4.8e-08	2e-08	0.0022688	0.0002716524891111111
*11/*8	0.0	2e-12	4.4e-09	0.0	6e-09	3.4e-09	2e-12	2e-12	1.418e-07	1.7289555555555558e-08
*11/*9	0.0002325	2e-12	0.0002596	0.0	8.82e-05	0.00024718	2.0399999999999997e-07	2e-08	1.418e-07	9.198286688888888e-05
*12/*12	0.0	1e-12	0.0	0.0	1e-08	2.5e-07	1e-12	1e-12	0.0	2.8889222222222213e-08
*12/*13	0.0	2e-12	0.0	0.0	2e-10	1e-09	2e-12	2e-12	0.0	1.34e-10
*12/*14	0.0	2e-12	0.0	0.0	1.0200000000000002e-06	1.7e-06	2e-12	2e-12	0.0	3.0222288888888893e-07
*12/*15	0.0	2e-12	0.0	0.0	1.3800000000000001e-06	1.6000000000000001e-06	2e-12	2e-12	0.0	3.3111177777777783e-07
*12/*17	0.0	2e-12	0.0	0.0	0.0	0.0	2e-12	2e-12	0.0	6.666666666666667e-13
*12/*18	0.0	2e-12	0.0	0.0	0.0	1.46e-05	2e-12	2e-12	0.0	1.6222228888888892e-06
*12/*19	0.0	2e-12	0.0	0.0	2e-10	1e-09	2e-12	2e-12	0.0	1.34e-10
*12/*2	0.0	2e-12	0.0	0.0	9.84e-06	4.4e-05	7.8e-08	0.0	0.0	5.990889111111111e-06
*12/*20	0.0	2e-12	0.0	0.0	2e-10	1e-09	2e-12	2e-12	0.0	1.34e-10
*12/*21	0.0	2e-12	0.0	0.0	0.0	0.0	2e-12	2e-12	0.0	6.666666666666667e-13
*12/*22	0.0	2e-12	0.0	0.0	2.8000000000000003e-06	1e-09	2e-12	2e-12	0.0	3.1122288888888897e-07
*12/*23	0.0	2e-12	0.0	0.0	2e-08	0.0	2e-12	2e-12	0.0	2.2228888888888886e-09
*12/*24	0.0	2e-12	0.0	0.0	2e-10	1e-09	2e-12	2e-12	0.0	1.34e-10
*12/*25	0.0	2e-12	0.0	0.0	2e-10	1e-09	2e-12	2e-12	0.0	1.34e-10
*12/*26	0.0	2e-12	0.0	0.0	2e-10	1e-09	2e-12	2e-12	0.0	1.34e-10
*12/*27	0.0	2e-12	0.0	0.0	0.0	0.0	2e-12	2e-12	0.0	6.666666666666667e-13
*12/*28	0.0	2e-12	0.0	0.0	0.0	0.0	2e-12	2e-12	0.0	6.666666666666667e-13
*12/*3	0.0	2e-12	0.0	0.0	4.2e-07	1.8e-06	2e-12	0.0	0.0	2.466671111111111e-07
*12/*31	0.0	2e-12	0.0	0.0	0.0	0.0	2e-12	2e-12	0.0	6.666666666666667e-13
*12/*32	0.0	2e-12	0.0	0.0	0.0	0.0	2e-12	2e-12	0.0	6.666666666666667e-13
*12/*33	0.0	2e-12	0.0	0.0	2e-10	1e-09	2e-12	2e-12	0.0	1.34e-10
*12/*34	0.0	2e-12	0.0	0.0	2e-10	1e-09	2e-12	2e-12	0.0	1.34e-10
*12/*35	0.0	2e-12	0.0	0.0	2e-10	1e-09	2e-12	2e-12	0.0	1.34e-10
*12/*36	0.0	2e-12	0.0	0.0	2e-10	1e-09	2e-12	2e-12	0.0	1.34e-10
*12/*37	0.0	2e-12	0.0	0.0	2e-10	1e-09	2e-12	2e-12	0.0	1.34e-10
*12/*38	0.0	2e-12	0.0	0.0	2e-10	1e-09	2e-12	2e-12	0.0	1.34e-10
*12/*4	0.0	2e-12	0.0	0.0	8.18e-06	0.0001062	2.0799999999999998e-07	0.0	0.0	1.2732000222222222e-05
*12/*5	0.0	2e-12	0.0	0.0	2.3100000000000002e-05	3.8100000000000005e-05	4.8e-08	4e-08	0.0	6.809778e-06
*12/*6	0.0	2e-12	0.0	0.0	4.660000000000001e-05	0.00021160000000000002	4.62e-07	1.24e-06	0.0	2.8878000222222228e-05
*12/*7	0.0	2e-12	0.0	0.0	4.96e-06	8e-06	4.8e-08	2e-08	0.0	1.4475557777777777e-06
*12/*8	0.0	2e-12	0.0	0.0	2e-10	1e-09	2e-12	2e-12	0.0	1.34e-10
*12/*9	0.0	2e-12	0.0	0.0	2.9400000000000002e-06	7.27e-05	2.0399999999999997e-07	2e-08	0.0	8.429333555555557e-06
*13/*13	1e-12	1e-12	1e-12	1e-12	1e-12	1e-12	1e-12	1e-12	1e-12	1e-12
*13/*14	0.0	2e-12	5.4e-09	0.0	1.02e-08	3.4e-09	2e-12	2e-12	0.0	2.1117777777777776e-09
*13/*15	0.0	2e-12	2e-10	0.0	1.38e-08	3.2e-09	2e-12	2e-12	2.9e-08	5.134e-09
*13/*17	1.4199999999999997e-07	2e-12	2e-12	0.0	0.0	0.0	2e-12	2e-12	2.52e-08	1.8578666666666665e-08
*13/*18	6.6e-08	2e-12	2e-12	0.0	0.0	2.92e-08	2e-12	2e-12	1.154e-07	2.3400888888888888e-08
*13/*19	0.0	2e-12	2e-12	0.0	2e-12	2e-12	2e-12	2e-12	3.2e-08	3.556888888888889e-09
*13/*2	6.2e-08	2e-12	8.2e-08	9.16e-08	9.84e-08	8.8e-08	7.8e-08	0.0	6.2e-08	6.244466666666667e-08
*13/*20	0.0	2e-12	2e-12	0.0	2e-12	2e-12	2e-12	2e-12	3.2e-08	3.556888888888889e-09
*13/*21	0.0	2e-12	0.0	0.0	0.0	0.0	2e-12	2e-12	2.54e-08	2.822888888888889e-09
*13/*22	2.2e-08	2e-12	2e-12	2e-12	2.8e-08	2e-12	2e-12	2e-12	6.2e-08	1.2445777777777778e-08
*13/*23	0.0	2e-12	0.0	4.1999999999999996e-09	2e-10	0.0	2e-12	2e-12	0.0	4.895555555555555e-10
*13/*24	2e-12	2e-12	2e-12	2e-12	2e-12	2e-12	2e-12	2e-12	2e-12	2e-12
*13/*25	2e-12	2e-12	2e-12	2e-12	2e-12	2e-12	2e-12	2e-12	2e-12	2e-12
*13/*26	2e-12	2e-12	2e-12	2e-12	2e-12	2e-12	2e-12	2e-12	2e-12	2e-12
*13/*27	2e-12	2e-12	0.0	1.6e-08	0.0	0.0	2e-12	2e-12	1.2e-08	3.112e-09
*13/*28	2e-12	2e-12	2e-12	2e-12	0.0	0.0	2e-12	2e-12	1.2e-08	1.3346666666666666e-09
*13/*3	4.6e-09	2e-12	4.799999999999999e-09	0.0	4.1999999999999996e-09	3.5999999999999996e-09	2e-12	0.0	0.0	1.9115555555555553e-09
*13/*31	2e-12	2e-12	0.0	2e-12	0.0	0.0	2e-12	2e-12	2e-12	1.3333333333333332e-12
*13/*32	2e-12	2e-12	0.0	2e-12	0.0	0.0	2e-12	2e-12	2e-12	1.3333333333333332e-12
*13/*33	2e-12	2e-12	2e-12	2e-12	2e-12	2e-12	2e-12	2e-12	2e-12	2e-12
*13/*34	2e-12	2e-12	2e-12	2e-12	2e-12	2e-12	2e-12	2e-12	2e-12	2e-12
*13/*35	2e-12	2e-12	2e-12	2e-12	2e-12	2e-12	2e-12	2e-12	2e-12	2e-12
*13/*36	2e-12	2e-12	2e-12	2e-12	2e-12	2e-12	2e-12	2e-12	2e-12	2e-12
*13/*37	2e-12	2e-12	2e-12	2e-12	2e-12	2e-12	2e-12	2e-12	2e-12	2e-12
*13/*38	2e-12	2e-12	2e-12	2e-12	2e-12	2e-12	2e-12	2e-12	2e-12	2e-12
*13/*4	2.06e-08	2e-12	1.98e-07	1.684e-07	8.179999999999999e-08	2.124e-07	2.0799999999999998e-07	0.0	0.0	9.880022222222221e-08
*13/*5	1.242e-07	2e-12	2e-12	2.2e-08	2.31e-07	7.62e-08	4.8e-08	4e-08	4e-08	6.460044444444445e-08
*13/*6	6.34e-07	2e-12	3.7e-07	3.4899999999999996e-07	4.66e-07	4.232e-07	4.62e-07	1.24e-06	7.498e-07	5.215557777777777e-07
*13/*7	0.0	2e-12	2e-12	0.0	4.9599999999999994e-08	1.6e-08	4.8e-08	2e-08	3.2e-08	1.8400444444444443e-08
*13/*8	0.0	2e-12	2e-12	2e-12	2e-12	2e-12	2e-12	2e-12	2e-12	1.7777777777777778e-12
*13/*9	9.3e-08	2e-12	1.1799999999999998e-07	6.88e-08	2.94e-08	1.454e-07	2.0399999999999997e-07	2e-08	2e-12	7.540044444444443e-08
*14/*14	0.0	1e-12	7.2900000000000005e-06	0.0	2.6010000000000003e-05	2.89e-06	1e-12	1e-12	0.0	4.021111444444446e-06
*14/*15	0.0	2e-12	5.4e-07	0.0	7.038e-05	5.44e-06	2e-12	2e-12	0.0	8.484445111111112e-06
*14/*17	0.0	2e-12	5.4e-09	0.0	0.0	0.0	2e-12	2e-12	0.0	6.006666666666667e-10
*14/*18	0.0	2e-12	5.4e-09	0.0	0.0	4.964e-05	2e-12	2e-12	0.0	5.516156222222221e-06
*14/*19	0.0	2e-12	5.4e-09	0.0	1.02e-08	3.4e-09	2e-12	2e-12	0.0	2.1117777777777776e-09
*14/*2	0.0	2e-12	0.00022140000000000001	0.0	0.00050184	0.00014959999999999998	7.8e-08	0.0	0.0	9.69908891111111e-05
*14/*20	0.0	2e-12	5.4e-09	0.0	1.02e-08	3.4e-09	2e-12	2e-12	0.0	2.1117777777777776e-09
*14/*21	0.0	2e-12	0.0	0.0	0.0	0.0	2e-12	2e-12	0.0	6.666666666666667e-13
*14/*22	0.0	2e-12	5.4e-09	0.0	0.0001428	3.4e-09	2e-12	2e-12	0.0	1.586764511111111e-05
*14/*23	0.0	2e-12	0.0	0.0	1.0200000000000002e-06	0.0	2e-12	2e-12	0.0	1.1333400000000004e-07
*14/*24	0.0	2e-12	5.4e-09	0.0	1.02e-08	3.4e-09	2e-12	2e-12	0.0	2.1117777777777776e-09
*14/*25	0.0	2e-12	5.4e-09	0.0	1.02e-08	3.4e-09	2e-12	2e-12	0.0	2.1117777777777776e-09
*14/*26	0.0	2e-12	5.4e-09	0.0	1.02e-08	3.4e-09	2e-12	2e-12	0.0	2.1117777777777776e-09
*14/*27	0.0	2e-12	0.0	0.0	0.0	0.0	2e-12	2e-12	0.0	6.666666666666667e-13
*14/*28	0.0	2e-12	5.4e-09	0.0	0.0	0.0	2e-12	2e-12	0.0	6.006666666666667e-10
*14/*3	0.0	2e-12	1.296e-05	0.0	2.142e-05	6.12e-06	2e-12	0.0	0.0	4.5000004444444446e-06
*14/*31	0.0	2e-12	0.0	0.0	0.0	0.0	2e-12	2e-12	0.0	6.666666666666667e-13
*14/*32	0.0	2e-12	0.0	0.0	0.0	0.0	2e-12	2e-12	0.0	6.666666666666667e-13
*14/*33	0.0	2e-12	5.4e-09	0.0	1.02e-08	3.4e-09	2e-12	2e-12	0.0	2.1117777777777776e-09
*14/*34	0.0	2e-12	5.4e-09	0.0	1.02e-08	3.4e-09	2e-12	2e-12	0.0	2.1117777777777776e-09
*14/*35	0.0	2e-12	5.4e-09	0.0	1.02e-08	3.4e-09	2e-12	2e-12	0.0	2.1117777777777776e-09
*14/*36	0.0	2e-12	5.4e-09	0.0	1.02e-08	3.4e-09	2e-12	2e-12	0.0	2.1117777777777776e-09
*14/*37	0.0	2e-12	5.4e-09	0.0	1.02e-08	3.4e-09	2e-12	2e-12	0.0	2.1117777777777776e-09
*14/*38	0.0	2e-12	5.4e-09	0.0	1.02e-08	3.4e-09	2e-12	2e-12	0.0	2.1117777777777776e-09
*14/*4	0.0	2e-12	0.0005346000000000001	0.0	0.00041718	0.00036108	2.0799999999999998e-07	0.0	0.0	0.00014589644466666667
*14/*5	0.0	2e-12	5.4e-09	0.0	0.0011781	0.00012954	4.8e-08	4e-08	0.0	0.00014530371133333336
*14/*6	0.0	2e-12	0.000999	0.0	0.0023766000000000004	0.00071944	4.62e-07	1.24e-06	0.0	0.00045519355577777775
*14/*7	0.0	2e-12	5.4e-09	0.0	0.00025296	2.72e-05	4.8e-08	2e-08	0.0	3.1137044666666663e-05
*14/*8	0.0	2e-12	5.4e-09	0.0	1.02e-08	3.4e-09	2e-12	2e-12	0.0	2.1117777777777776e-09
*14/*9	0.0	2e-12	0.0003186	0.0	0.00014994000000000002	0.00024718	2.0399999999999997e-07	2e-08	0.0	7.954933355555555e-05
*15/*15	0.0	1e-12	1e-08	0.0	4.761e-05	2.56e-06	1e-12	1e-12	0.00021025000000000001	2.8936667e-05
*15/*17	0.0	2e-12	2e-10	0.0	0.0	0.0	2e-12	2e-12	0.00036540000000000005	4.0600022888888895e-05
*15/*18	0.0	2e-12	2e-10	0.0	0.0	4.672e-05	2e-12	2e-12	0.0016733000000000002	0.00019111335622222224
*15/*19	0.0	2e-12	2e-10	0.0	1.38e-08	3.2e-09	2e-12	2e-12	0.00046400000000000006	5.1557467333333335e-05
*15/*2	0.0	2e-12	8.200000000000001e-06	0.0	0.00067896	0.0001408	7.8e-08	0.0	0.0008990000000000001	0.00019189311133333334
*15/*20	0.0	2e-12	2e-10	0.0	1.38e-08	3.2e-09	2e-12	2e-12	0.00046400000000000006	5.1557467333333335e-05
*15/*21	0.0	2e-12	0.0	0.0	0.0	0.0	2e-12	2e-12	0.0003683	4.092222288888889e-05
*15/*22	0.0	2e-12	2e-10	0.0	0.0001932	3.2e-09	2e-12	2e-12	0.0008990000000000001	0.000121355934
*15/*23	0.0	2e-12	0.0	0.0	1.3800000000000001e-06	0.0	2e-12	2e-12	0.0	1.5333400000000004e-07
*15/*24	0.0	2e-12	2e-10	0.0	1.38e-08	3.2e-09	2e-12	2e-12	2.9e-08	5.134e-09
*15/*25	0.0	2e-12	2e-10	0.0	1.38e-08	3.2e-09	2e-12	2e-12	2.9e-08	5.134e-09
*15/*26	0.0	2e-12	2e-10	0.0	1.38e-08	3.2e-09	2e-12	2e-12	2.9e-08	5.134e-09
*15/*27	0.0	2e-12	0.0	0.0	0.0	0.0	2e-12	2e-12	0.000174	1.9333334e-05
*15/*28	0.0	2e-12	2e-10	0.0	0.0	0.0	2e-12	2e-12	0.000174	1.933335622222222e-05
*15/*3	0.0	2e-12	4.8e-07	0.0	2.8979999999999997e-05	5.76e-06	2e-12	0.0	0.0	3.913333777777777e-06
*15/*31	0.0	2e-12	0.0	0.0	0.0	0.0	2e-12	2e-12	2.9e-08	3.2228888888888893e-09
*15/*32	0.0	2e-12	0.0	0.0	0.0	0.0	2e-12	2e-12	2.9e-08	3.2228888888888893e-09
*15/*33	0.0	2e-12	2e-10	0.0	1.38e-08	3.2e-09	2e-12	2e-12	2.9e-08	5.134e-09
*15/*34	0.0	2e-12	2e-10	0.0	1.38e-08	3.2e-09	2e-12	2e-12	2.9e-08	5.134e-09
*15/*35	0.0	2e-12	2e-10	0.0	1.38e-08	3.2e-09	2e-12	2e-12	2.9e-08	5.134e-09
*15/*36	0.0	2e-12	2e-10	0.0	1.38e-08	3.2e-09	2e-12	2e-12	2.9e-08	5.134e-09
*15/*37	0.0	2e-12	2e-10	0.0	1.38e-08	3.2e-09	2e-12	2e-12	2.9e-08	5.134e-09
*15/*38	0.0	2e-12	2e-10	0.0	1.38e-08	3.2e-09	2e-12	2e-12	2.9e-08	5.134e-09
*15/*4	0.0	2e-12	1.9800000000000004e-05	0.0	0.0005644199999999999	0.00033984	2.0799999999999998e-07	0.0	0.0	0.00010269644466666667
*15/*5	0.0	2e-12	2e-10	0.0	0.0015939	0.00012192000000000001	4.8e-08	4e-08	0.00058	0.00025510091133333336
*15/*6	0.0	2e-12	3.7e-05	0.0	0.0032154	0.00067712	4.62e-07	1.24e-06	0.0108721	0.001644813555777778
*15/*7	0.0	2e-12	2e-10	0.0	0.00034224	2.5600000000000002e-05	4.8e-08	2e-08	0.00046400000000000006	9.243424466666668e-05
*15/*8	0.0	2e-12	2e-10	0.0	1.38e-08	3.2e-09	2e-12	2e-12	2.9e-08	5.134e-09
*15/*9	0.0	2e-12	1.18e-05	0.0	0.00020286	0.00023264000000000002	2.0399999999999997e-07	2e-08	2.9e-08	4.9728111333333336e-05
*17/*17	0.0050409999999999995	1e-12	1e-12	0.0	0.0	0.0	1e-12	1e-12	0.00015876	0.0005777511115555556
*17/*18	0.004686	2e-12	2e-12	0.0	0.0	0.0	2e-12	2e-12	0.00145404	0.0006822266675555556
*17/*19	0.0	2e-12	2e-12	0.0	0.0	0.0	2e-12	2e-12	0.0004032	4.480000088888889e-05
*17/*2	0.004402	2e-12	8.2e-08	0.0	0.0	0.0	7.8e-08	0.0	0.0007812	0.0005759288891111111
*17/*20	0.0	2e-12	2e-12	0.0	0.0	0.0	2e-12	2e-12	0.0004032	4.480000088888889e-05
*17/*21	0.0	2e-12	0.0	0.0	0.0	0.0	2e-12	2e-12	0.00032004	3.5560000666666665e-05
*17/*22	0.0015619999999999998	2e-12	2e-12	0.0	0.0	0.0	2e-12	2e-12	0.0007812	0.00026035555644444443
*17/*23	0.0	2e-12	0.0	0.0	0.0	0.0	2e-12	2e-12	0.0	6.666666666666667e-13
*17/*24	1.4199999999999997e-07	2e-12	2e-12	0.0	0.0	0.0	2e-12	2e-12	2.52e-08	1.8578666666666665e-08
*17/*25	1.4199999999999997e-07	2e-12	2e-12	0.0	0.0	0.0	2e-12	2e-12	2.52e-08	1.8578666666666665e-08
*17/*26	1.4199999999999997e-07	2e-12	2e-12	0.0	0.0	0.0	2e-12	2e-12	2.52e-08	1.8578666666666665e-08
*17/*27	1.4199999999999997e-07	2e-12	0.0	0.0	0.0	0.0	2e-12	2e-12	0.00015120000000000002	1.6815778444444444e-05
*17/*28	1.4199999999999997e-07	2e-12	2e-12	0.0	0.0	0.0	2e-12	2e-12	0.00015120000000000002	1.681577866666667e-05
*17/*3	0.00032659999999999997	2e-12	4.799999999999999e-09	0.0	0.0	0.0	2e-12	0.0	0.0	3.6289422666666665e-05
*17/*31	1.4199999999999997e-07	2e-12	0.0	0.0	0.0	0.0	2e-12	2e-12	2.52e-08	1.857844444444444e-08
*17/*32	1.4199999999999997e-07	2e-12	0.0	0.0	0.0	0.0	2e-12	2e-12	2.52e-08	1.857844444444444e-08
*17/*33	1.4199999999999997e-07	2e-12	2e-12	0.0	0.0	0.0	2e-12	2e-12	2.52e-08	1.8578666666666665e-08
*17/*34	1.4199999999999997e-07	2e-12	2e-12	0.0	0.0	0.0	2e-12	2e-12	2.52e-08	1.8578666666666665e-08
*17/*35	1.4199999999999997e-07	2e-12	2e-12	0.0	0.0	0.0	2e-12	2e-12	2.52e-08	1.8578666666666665e-08
*17/*36	1.4199999999999997e-07	2e-12	2e-12	0.0	0.0	0.0	2e-12	2e-12	2.52e-08	1.8578666666666665e-08
*17/*37	1.4199999999999997e-07	2e-12	2e-12	0.0	0.0	0.0	2e-12	2e-12	2.52e-08	1.8578666666666665e-08
*17/*38	1.4199999999999997e-07	2e-12	2e-12	0.0	0.0	0.0	2e-12	2e-12	2.52e-08	1.8578666666666665e-08
*17/*4	0.0014625999999999999	2e-12	1.98e-07	0.0	0.0	0.0	2.0799999999999998e-07	0.0	0.0	0.00016255622244444444
*17/*5	0.0088182	2e-12	2e-12	0.0	0.0	0.0	4.8e-08	4e-08	0.000504	0.0010358097782222223
*17/*6	0.045014	2e-12	3.7e-07	0.0	0.0	0.0	4.62e-07	1.24e-06	0.009447480000000001	0.006051505778
*17/*7	0.0	2e-12	2e-12	0.0	0.0	0.0	4.8e-08	2e-08	0.0004032	4.4807556e-05
*17/*8	0.0	2e-12	2e-12	0.0	0.0	0.0	2e-12	2e-12	2.52e-08	2.800888888888889e-09
*17/*9	0.0066029999999999995	2e-12	1.1799999999999998e-07	0.0	0.0	0.0	2.0399999999999997e-07	2e-08	2.52e-08	0.0007337074668888889
*18/*18	0.0010890000000000001	1e-12	1e-12	0.0	0.0	0.00021316	1e-12	1e-12	0.00332929	0.0005146055560000001
*18/*19	0.0	2e-12	2e-12	0.0	0.0	2.92e-08	2e-12	2e-12	0.0018464	0.0002051588008888889
*18/*2	0.002046	2e-12	8.2e-08	0.0	0.0	0.0012848	7.8e-08	0.0	0.0035774	0.0007675955557777778
*18/*20	0.0	2e-12	2e-12	0.0	0.0	2.92e-08	2e-12	2e-12	0.0018464	0.0002051588008888889
*18/*21	0.0	2e-12	0.0	0.0	0.0	0.0	2e-12	2e-12	0.00146558	0.0001628422228888889
*18/*22	0.000726	2e-12	2e-12	0.0	0.0	2.92e-08	2e-12	2e-12	0.0035774	0.0004781588008888889
*18/*23	0.0	2e-12	0.0	0.0	0.0	0.0	2e-12	2e-12	0.0	6.666666666666667e-13
*18/*24	6.6e-08	2e-12	2e-12	0.0	0.0	2.92e-08	2e-12	2e-12	1.154e-07	2.3400888888888888e-08
*18/*25	6.6e-08	2e-12	2e-12	0.0	0.0	2.92e-08	2e-12	2e-12	1.154e-07	2.3400888888888888e-08
*18/*26	6.6e-08	2e-12	2e-12	0.0	0.0	2.92e-08	2e-12	2e-12	1.154e-07	2.3400888888888888e-08
*18/*27	6.6e-08	2e-12	0.0	0.0	0.0	0.0	2e-12	2e-12	0.0006924	7.694066733333335e-05
*18/*28	6.6e-08	2e-12	2e-12	0.0	0.0	0.0	2e-12	2e-12	0.0006924	7.694066755555556e-05
*18/*3	0.0001518	2e-12	4.799999999999999e-09	0.0	0.0	5.256e-05	2e-12	0.0	0.0	2.2707200444444444e-05
*18/*31	6.6e-08	2e-12	0.0	0.0	0.0	0.0	2e-12	2e-12	1.154e-07	2.0156222222222224e-08
*18/*32	6.6e-08	2e-12	0.0	0.0	0.0	0.0	2e-12	2e-12	1.154e-07	2.0156222222222224e-08
*18/*33	6.6e-08	2e-12	2e-12	0.0	0.0	2.92e-08	2e-12	2e-12	1.154e-07	2.3400888888888888e-08
*18/*34	6.6e-08	2e-12	2e-12	0.0	0.0	2.92e-08	2e-12	2e-12	1.154e-07	2.3400888888888888e-08
*18/*35	6.6e-08	2e-12	2e-12	0.0	0.0	2.92e-08	2e-12	2e-12	1.154e-07	2.3400888888888888e-08
*18/*36	6.6e-08	2e-12	2e-12	0.0	0.0	2.92e-08	2e-12	2e-12	1.154e-07	2.3400888888888888e-08
*18/*37	6.6e-08	2e-12	2e-12	0.0	0.0	2.92e-08	2e-12	2e-12	1.154e-07	2.3400888888888888e-08
*18/*38	6.6e-08	2e-12	2e-12	0.0	0.0	2.92e-08	2e-12	2e-12	1.154e-07	2.3400888888888888e-08
*18/*4	0.0006798	2e-12	1.98e-07	0.0	0.0	0.0031010400000000002	2.0799999999999998e-07	0.0	0.0	0.0004201384446666667
*18/*5	0.0040986	2e-12	2e-12	0.0	0.0	0.00111252	4.8e-08	4e-08	0.002308	0.000835467556
*18/*6	0.020922	2e-12	3.7e-07	0.0	0.0	0.00617872	4.62e-07	1.24e-06	0.043263460000000004	0.007818472444666666
*18/*7	0.0	2e-12	2e-12	0.0	0.0	0.0002336	4.8e-08	2e-08	0.0018464	0.0002311186671111111
*18/*8	0.0	2e-12	2e-12	0.0	0.0	2.92e-08	2e-12	2e-12	1.154e-07	1.6067555555555555e-08
*18/*9	0.003069	2e-12	1.1799999999999998e-07	0.0	0.0	0.00212284	2.0399999999999997e-07	2e-08	1.154e-07	0.0005769219335555555
*19/*19	0.0	1e-12	1e-12	0.0	1e-12	1e-12	1e-12	1e-12	0.000256	2.8444445111111107e-05
*19/*2	0.0	2e-12	8.2e-08	0.0	9.84e-08	8.8e-08	7.8e-08	0.0	0.000992	0.00011026071133333333
*19/*20	0.0	2e-12	2e-12	0.0	2e-12	2e-12	2e-12	2e-12	0.000512	5.6888890222222214e-05
*19/*21	0.0	2e-12	0.0	0.0	0.0	0.0	2e-12	2e-12	0.0004064	4.515555622222222e-05
*19/*22	0.0	2e-12	2e-12	0.0	2.8e-08	2e-12	2e-12	2e-12	0.000992	0.00011022533444444445
*19/*23	0.0	2e-12	0.0	0.0	2e-10	0.0	2e-12	2e-12	0.0	2.2888888888888886e-11
*19/*24	0.0	2e-12	2e-12	0.0	2e-12	2e-12	2e-12	2e-12	3.2e-08	3.556888888888889e-09
*19/*25	0.0	2e-12	2e-12	0.0	2e-12	2e-12	2e-12	2e-12	3.2e-08	3.556888888888889e-09
*19/*26	0.0	2e-12	2e-12	0.0	2e-12	2e-12	2e-12	2e-12	3.2e-08	3.556888888888889e-09
*19/*27	0.0	2e-12	0.0	0.0	0.0	0.0	2e-12	2e-12	0.000192	2.1333334e-05
*19/*28	0.0	2e-12	2e-12	0.0	0.0	0.0	2e-12	2e-12	0.000192	2.1333334222222222e-05
*19/*3	0.0	2e-12	4.799999999999999e-09	0.0	4.1999999999999996e-09	3.5999999999999996e-09	2e-12	0.0	0.0	1.4004444444444442e-09
*19/*31	0.0	2e-12	0.0	0.0	0.0	0.0	2e-12	2e-12	3.2e-08	3.5562222222222223e-09
*19/*32	0.0	2e-12	0.0	0.0	0.0	0.0	2e-12	2e-12	3.2e-08	3.5562222222222223e-09
*19/*33	0.0	2e-12	2e-12	0.0	2e-12	2e-12	2e-12	2e-12	3.2e-08	3.556888888888889e-09
*19/*34	0.0	2e-12	2e-12	0.0	2e-12	2e-12	2e-12	2e-12	3.2e-08	3.556888888888889e-09
*19/*35	0.0	2e-12	2e-12	0.0	2e-12	2e-12	2e-12	2e-12	3.2e-08	3.556888888888889e-09
*19/*36	0.0	2e-12	2e-12	0.0	2e-12	2e-12	2e-12	2e-12	3.2e-08	3.556888888888889e-09
*19/*37	0.0	2e-12	2e-12	0.0	2e-12	2e-12	2e-12	2e-12	3.2e-08	3.556888888888889e-09
*19/*38	0.0	2e-12	2e-12	0.0	2e-12	2e-12	2e-12	2e-12	3.2e-08	3.556888888888889e-09
*19/*4	0.0	2e-12	1.98e-07	0.0	8.179999999999999e-08	2.124e-07	2.0799999999999998e-07	0.0	0.0	7.780022222222221e-08
*19/*5	0.0	2e-12	2e-12	0.0	2.31e-07	7.62e-08	4.8e-08	4e-08	0.00064	7.115502266666667e-05
*19/*6	0.0	2e-12	3.7e-07	0.0	4.66e-07	4.232e-07	4.62e-07	1.24e-06	0.0119968	0.001333306800222222
*19/*7	0.0	2e-12	2e-12	0.0	4.9599999999999994e-08	1.6e-08	4.8e-08	2e-08	0.000512	5.690373377777778e-05
*19/*8	0.0	2e-12	2e-12	0.0	2e-12	2e-12	2e-12	2e-12	3.2e-08	3.556888888888889e-09
*19/*9	0.0	2e-12	1.1799999999999998e-07	0.0	2.94e-08	1.454e-07	2.0399999999999997e-07	2e-08	3.2e-08	6.097799999999999e-08
*2/*2	0.0009609999999999999	1e-12	0.0016810000000000002	0.00209764	0.00242064	0.0019359999999999998	0.001521	0.0	0.0009609999999999999	0.0012864755556666668
*2/*20	0.0	2e-12	8.2e-08	0.0	9.84e-08	8.8e-08	7.8e-08	0.0	0.000992	0.00011026071133333333
*2/*21	0.0	2e-12	0.0	0.0	0.0	0.0	7.8e-08	0.0	0.0007874	8.749755577777777e-05
*2/*22	0.000682	2e-12	8.2e-08	9.16e-08	0.0013776	8.8e-08	7.8e-08	0.0	0.0019219999999999999	0.0004424377335555556
*2/*23	0.0	2e-12	0.0	0.00019235999999999998	9.84e-06	0.0	7.8e-08	0.0	0.0	2.2475333555555552e-05
*2/*24	6.2e-08	2e-12	8.2e-08	9.16e-08	9.84e-08	8.8e-08	7.8e-08	0.0	6.2e-08	6.244466666666667e-08
*2/*25	6.2e-08	2e-12	8.2e-08	9.16e-08	9.84e-08	8.8e-08	7.8e-08	0.0	6.2e-08	6.244466666666667e-08
*2/*26	6.2e-08	2e-12	8.2e-08	9.16e-08	9.84e-08	8.8e-08	7.8e-08	0.0	6.2e-08	6.244466666666667e-08
*2/*27	6.2e-08	2e-12	0.0	0.0007328	0.0	0.0	7.8e-08	0.0	0.000372	0.00012277111133333332
*2/*28	6.2e-08	2e-12	8.2e-08	9.16e-08	0.0	0.0	7.8e-08	0.0	0.000372	4.1368177999999994e-05
*2/*3	0.0001426	2e-12	0.00019679999999999999	0.0	0.00020664	0.00015839999999999997	7.8e-08	0.0	0.0	7.8279778e-05
*2/*31	6.2e-08	2e-12	0.0	9.16e-08	0.0	0.0	7.8e-08	0.0	6.2e-08	3.262244444444444e-08
*2/*32	6.2e-08	2e-12	0.0	9.16e-08	0.0	0.0	7.8e-08	0.0	6.2e-08	3.262244444444444e-08
*2/*33	6.2e-08	2e-12	8.2e-08	9.16e-08	9.84e-08	8.8e-08	7.8e-08	0.0	6.2e-08	6.244466666666667e-08
*2/*34	6.2e-08	2e-12	8.2e-08	9.16e-08	9.84e-08	8.8e-08	7.8e-08	0.0	6.2e-08	6.244466666666667e-08
*2/*35	6.2e-08	2e-12	8.2e-08	9.16e-08	9.84e-08	8.8e-08	7.8e-08	0.0	6.2e-08	6.244466666666667e-08
*2/*36	6.2e-08	2e-12	8.2e-08	9.16e-08	9.84e-08	8.8e-08	7.8e-08	0.0	6.2e-08	6.244466666666667e-08
*2/*37	6.2e-08	2e-12	8.2e-08	9.16e-08	9.84e-08	8.8e-08	7.8e-08	0.0	6.2e-08	6.244466666666667e-08
*2/*38	6.2e-08	2e-12	8.2e-08	9.16e-08	9.84e-08	8.8e-08	7.8e-08	0.0	6.2e-08	6.244466666666667e-08
*2/*4	0.0006386	2e-12	0.008118	0.00771272	0.00402456	0.009345599999999999	0.008112	0.0	0.0	0.004216831111333333
*2/*5	0.0038502000000000002	2e-12	8.2e-08	0.0010076	0.0113652	0.0033528	0.001872	0.0	0.00124	0.002520875778
*2/*6	0.019654	2e-12	0.015170000000000001	0.0159842	0.022927200000000002	0.0186208	0.018018	0.0	0.023243800000000002	0.01484644444466667
*2/*7	0.0	2e-12	8.2e-08	0.0	0.00244032	0.000704	0.001872	0.0	0.000992	0.0006676002224444444
*2/*8	0.0	2e-12	8.2e-08	9.16e-08	9.84e-08	8.8e-08	7.8e-08	0.0	6.2e-08	5.555577777777777e-08
*2/*9	0.002883	2e-12	0.004838	0.00315104	0.00144648	0.0063976	0.007956	0.0	6.2e-08	0.0029635757779999995
*20/*20	0.0	1e-12	1e-12	0.0	1e-12	1e-12	1e-12	1e-12	0.000256	2.8444445111111107e-05
*20/*21	0.0	2e-12	0.0	0.0	0.0	0.0	2e-12	2e-12	0.0004064	4.515555622222222e-05
*20/*22	0.0	2e-12	2e-12	0.0	2.8e-08	2e-12	2e-12	2e-12	0.000992	0.00011022533444444445
*20/*23	0.0	2e-12	0.0	0.0	2e-10	0.0	2e-12	2e-12	0.0	2.2888888888888886e-11
*20/*24	0.0	2e-12	2e-12	0.0	2e-12	2e-12	2e-12	2e-12	3.2e-08	3.556888888888889e-09
*20/*25	0.0	2e-12	2e-12	0.0	2e-12	2e-12	2e-12	2e-12	3.2e-08	3.556888888888889e-09
*20/*26	0.0	2e-12	2e-12	0.0	2e-12	2e-12	2e-12	2e-12	3.2e-08	3.556888888888889e-09
*20/*27	0.0	2e-12	0.0	0.0	0.0	0.0	2e-12	2e-12	0.000192	2.1333334e-05
*20/*28	0.0	2e-12	2e-12	0.0	0.0	0.0	2e-12	2e-12	0.000192	2.1333334222222222e-05
*20/*3	0.0	2e-12	4.799999999999999e-09	0.0	4.1999999999999996e-09	3.5999999999999996e-09	2e-12	0.0	0.0	1.4004444444444442e-09
*20/*31	0.0	2e-12	0.0	0.0	0.0	0.0	2e-12	2e-12	3.2e-08	3.5562222222222223e-09
*20/*32	0.0	2e-12	0.0	0.0	0.0	0.0	2e-12	2e-12	3.2e-08	3.5562222222222223e-09
*20/*33	0.0	2e-12	2e-12	0.0	2e-12	2e-12	2e-12	2e-12	3.2e-08	3.556888888888889e-09
*20/*34	0.0	2e-12	2e-12	0.0	2e-12	2e-12	2e-12	2e-12	3.2e-08	3.556888888888889e-09
*20/*35	0.0	2e-12	2e-12	0.0	2e-12	2e-12	2e-12	2e-12	3.2e-08	3.556888888888889e-09
*20/*36	0.0	2e-12	2e-12	0.0	2e-12	2e-12	2e-12	2e-12	3.2e-08	3.556888888888889e-09
*20/*37	0.0	2e-12	2e-12	0.0	2e-12	2e-12	2e-12	2e-12	3.2e-08	3.556888888888889e-09
*20/*38	0.0	2e-12	2e-12	0.0	2e-12	2e-12	2e-12	2e-12	3.2e-08	3.556888888888889e-09
*20/*4	0.0	2e-12	1.98e-07	0.0	8.179999999999999e-08	2.124e-07	2.0799999999999998e-07	0.0	0.0	7.780022222222221e-08
*20/*5	0.0	2e-12	2e-12	0.0	2.31e-07	7.62e-08	4.8e-08	4e-08	0.00064	7.115502266666667e-05
*20/*6	0.0	2e-12	3.7e-07	0.0	4.66e-07	4.232e-07	4.62e-07	1.24e-06	0.0119968	0.001333306800222222
*20/*7	0.0	2e-12	2e-12	0.0	4.9599999999999994e-08	1.6e-08	4.8e-08	2e-08	0.000512	5.690373377777778e-05
*20/*8	0.0	2e-12	2e-12	0.0	2e-12	2e-12	2e-12	2e-12	3.2e-08	3.556888888888889e-09
*20/*9	0.0	2e-12	1.1799999999999998e-07	0.0	2.94e-08	1.454e-07	2.0399999999999997e-07	2e-08	3.2e-08	6.097799999999999e-08
*21/*21	0.0	1e-12	0.0	0.0	0.0	0.0	1e-12	1e-12	0.00016129	1.7921111444444442e-05
*21/*22	0.0	2e-12	0.0	0.0	0.0	0.0	2e-12	2e-12	0.0007874	8.748888955555555e-05
*21/*23	0.0	2e-12	0.0	0.0	0.0	0.0	2e-12	2e-12	0.0	6.666666666666667e-13
*21/*24	0.0	2e-12	0.0	0.0	0.0	0.0	2e-12	2e-12	2.54e-08	2.822888888888889e-09
*21/*25	0.0	2e-12	0.0	0.0	0.0	0.0	2e-12	2e-12	2.54e-08	2.822888888888889e-09
*21/*26	0.0	2e-12	0.0	0.0	0.0	0.0	2e-12	2e-12	2.54e-08	2.822888888888889e-09
*21/*27	0.0	2e-12	0.0	0.0	0.0	0.0	2e-12	2e-12	0.0001524	1.6933334e-05
*21/*28	0.0	2e-12	0.0	0.0	0.0	0.0	2e-12	2e-12	0.0001524	1.6933334e-05
*21/*3	0.0	2e-12	0.0	0.0	0.0	0.0	2e-12	0.0	0.0	4.4444444444444444e-13
*21/*31	0.0	2e-12	0.0	0.0	0.0	0.0	2e-12	2e-12	2.54e-08	2.822888888888889e-09
*21/*32	0.0	2e-12	0.0	0.0	0.0	0.0	2e-12	2e-12	2.54e-08	2.822888888888889e-09
*21/*33	0.0	2e-12	0.0	0.0	0.0	0.0	2e-12	2e-12	2.54e-08	2.822888888888889e-09
*21/*34	0.0	2e-12	0.0	0.0	0.0	0.0	2e-12	2e-12	2.54e-08	2.822888888888889e-09
*21/*35	0.0	2e-12	0.0	0.0	0.0	0.0	2e-12	2e-12	2.54e-08	2.822888888888889e-09
*21/*36	0.0	2e-12	0.0	0.0	0.0	0.0	2e-12	2e-12	2.54e-08	2.822888888888889e-09
*21/*37	0.0	2e-12	0.0	0.0	0.0	0.0	2e-12	2e-12	2.54e-08	2.822888888888889e-09
*21/*38	0.0	2e-12	0.0	0.0	0.0	0.0	2e-12	2e-12	2.54e-08	2.822888888888889e-09
*21/*4	0.0	2e-12	0.0	0.0	0.0	0.0	2.0799999999999998e-07	0.0	0.0	2.311133333333333e-08
*21/*5	0.0	2e-12	0.0	0.0	0.0	0.0	4.8e-08	4e-08	0.000508	5.645422244444444e-05
*21/*6	0.0	2e-12	0.0	0.0	0.0	0.0	4.62e-07	1.24e-06	0.00952246	0.0010582402224444444
*21/*7	0.0	2e-12	0.0	0.0	0.0	0.0	4.8e-08	2e-08	0.0004064	4.5163111333333335e-05
*21/*8	0.0	2e-12	0.0	0.0	0.0	0.0	2e-12	2e-12	2.54e-08	2.822888888888889e-09
*21/*9	0.0	2e-12	0.0	0.0	0.0	0.0	2.0399999999999997e-07	2e-08	2.54e-08	2.771133333333333e-08
*22/*22	0.00012099999999999999	1e-12	1e-12	1e-12	0.00019600000000000002	1e-12	1e-12	1e-12	0.0009609999999999999	0.00014200000066666668
*22/*23	0.0	2e-12	0.0	4.1999999999999996e-09	2.8000000000000003e-06	0.0	2e-12	2e-12	0.0	3.115784444444445e-07
*22/*24	2.2e-08	2e-12	2e-12	2e-12	2.8e-08	2e-12	2e-12	2e-12	6.2e-08	1.2445777777777778e-08
*22/*25	2.2e-08	2e-12	2e-12	2e-12	2.8e-08	2e-12	2e-12	2e-12	6.2e-08	1.2445777777777778e-08
*22/*26	2.2e-08	2e-12	2e-12	2e-12	2.8e-08	2e-12	2e-12	2e-12	6.2e-08	1.2445777777777778e-08
*22/*27	2.2e-08	2e-12	0.0	1.6e-08	0.0	0.0	2e-12	2e-12	0.000372	4.133755622222222e-05
*22/*28	2.2e-08	2e-12	2e-12	2e-12	0.0	0.0	2e-12	2e-12	0.000372	4.133577888888889e-05
*22/*3	5.06e-05	2e-12	4.799999999999999e-09	0.0	5.88e-05	3.5999999999999996e-09	2e-12	0.0	0.0	1.2156489333333333e-05
*22/*31	2.2e-08	2e-12	0.0	2e-12	0.0	0.0	2e-12	2e-12	6.2e-08	9.334222222222221e-09
*22/*32	2.2e-08	2e-12	0.0	2e-12	0.0	0.0	2e-12	2e-12	6.2e-08	9.334222222222221e-09
*22/*33	2.2e-08	2e-12	2e-12	2e-12	2.8e-08	2e-12	2e-12	2e-12	6.2e-08	1.2445777777777778e-08
*22/*34	2.2e-08	2e-12	2e-12	2e-12	2.8e-08	2e-12	2e-12	2e-12	6.2e-08	1.2445777777777778e-08
*22/*35	2.2e-08	2e-12	2e-12	2e-12	2.8e-08	2e-12	2e-12	2e-12	6.2e-08	1.2445777777777778e-08
*22/*36	2.2e-08	2e-12	2e-12	2e-12	2.8e-08	2e-12	2e-12	2e-12	6.2e-08	1.2445777777777778e-08
*22/*37	2.2e-08	2e-12	2e-12	2e-12	2.8e-08	2e-12	2e-12	2e-12	6.2e-08	1.2445777777777778e-08
*22/*38	2.2e-08	2e-12	2e-12	2e-12	2.8e-08	2e-12	2e-12	2e-12	6.2e-08	1.2445777777777778e-08
*22/*4	0.00022659999999999998	2e-12	1.98e-07	1.684e-07	0.0011452	2.124e-07	2.0799999999999998e-07	0.0	0.0	0.00015250964466666667
*22/*5	0.0013662	2e-12	2e-12	2.2e-08	0.0032340000000000003	7.62e-08	4.8e-08	4e-08	0.00124	0.0006489318004444444
*22/*6	0.006973999999999999	2e-12	3.7e-07	3.4899999999999996e-07	0.006524	4.232e-07	4.62e-07	1.24e-06	0.023243800000000002	0.004082738244666667
*22/*7	0.0	2e-12	2e-12	0.0	0.0006944	1.6e-08	4.8e-08	2e-08	0.000992	0.00018738711155555555
*22/*8	0.0	2e-12	2e-12	2e-12	2.8e-08	2e-12	2e-12	2e-12	6.2e-08	1.0001333333333334e-08
*22/*9	0.001023	2e-12	1.1799999999999998e-07	6.88e-08	0.0004116	1.454e-07	2.0399999999999997e-07	2e-08	6.2e-08	0.0001594686891111111
*23/*23	0.0	1e-12	0.0	4.409999999999999e-06	1e-08	0.0	1e-12	1e-12	0.0	4.911114444444444e-07
*23/*24	0.0	2e-12	0.0	4.1999999999999996e-09	2e-10	0.0	2e-12	2e-12	0.0	4.895555555555555e-10
*23/*25	0.0	2e-12	0.0	4.1999999999999996e-09	2e-10	0.0	2e-12	2e-12	0.0	4.895555555555555e-10
*23/*26	0.0	2e-12	0.0	4.1999999999999996e-09	2e-10	0.0	2e-12	2e-12	0.0	4.895555555555555e-10
*23/*27	0.0	2e-12	0.0	3.36e-05	0.0	0.0	2e-12	2e-12	0.0	3.733333999999999e-06
*23/*28	0.0	2e-12	0.0	4.1999999999999996e-09	0.0	0.0	2e-12	2e-12	0.0	4.673333333333332e-10
*23/*3	0.0	2e-12	0.0	0.0	4.2e-07	0.0	2e-12	0.0	0.0	4.666711111111111e-08
*23/*31	0.0	2e-12	0.0	4.1999999999999996e-09	0.0	0.0	2e-12	2e-12	0.0	4.673333333333332e-10
*23/*32	0.0	2e-12	0.0	4.1999999999999996e-09	0.0	0.0	2e-12	2e-12	0.0	4.673333333333332e-10
*23/*33	0.0	2e-12	0.0	4.1999999999999996e-09	2e-10	0.0	2e-12	2e-12	0.0	4.895555555555555e-10
*23/*34	0.0	2e-12	0.0	4.1999999999999996e-09	2e-10	0.0	2e-12	2e-12	0.0	4.895555555555555e-10
*23/*35	0.0	2e-12	0.0	4.1999999999999996e-09	2e-10	0.0	2e-12	2e-12	0.0	4.895555555555555e-10
*23/*36	0.0	2e-12	0.0	4.1999999999999996e-09	2e-10	0.0	2e-12	2e-12	0.0	4.895555555555555e-10
*23/*37	0.0	2e-12	0.0	4.1999999999999996e-09	2e-10	0.0	2e-12	2e-12	0.0	4.895555555555555e-10
*23/*38	0.0	2e-12	0.0	4.1999999999999996e-09	2e-10	0.0	2e-12	2e-12	0.0	4.895555555555555e-10
*23/*4	0.0	2e-12	0.0	0.00035363999999999995	8.18e-06	0.0	2.0799999999999998e-07	0.0	0.0	4.0225333555555554e-05
*23/*5	0.0	2e-12	0.0	4.619999999999999e-05	2.3100000000000002e-05	0.0	4.8e-08	4e-08	0.0	7.709778e-06
*23/*6	0.0	2e-12	0.0	0.0007328999999999999	4.660000000000001e-05	0.0	4.62e-07	1.24e-06	0.0	8.680022244444444e-05
*23/*7	0.0	2e-12	0.0	0.0	4.96e-06	0.0	4.8e-08	2e-08	0.0	5.586668888888889e-07
*23/*8	0.0	2e-12	0.0	4.1999999999999996e-09	2e-10	0.0	2e-12	2e-12	0.0	4.895555555555555e-10
*23/*9	0.0	2e-12	0.0	0.00014448	2.9400000000000002e-06	0.0	2.0399999999999997e-07	2e-08	0.0	1.6404889111111108e-05
*24/*24	1e-12	1e-12	1e-12	1e-12	1e-12	1e-12	1e-12	1e-12	1e-12	1e-12
*24/*25	2e-12	2e-12	2e-12	2e-12	2e-12	2e-12	2e-12	2e-12	2e-12	2e-12
*24/*26	2e-12	2e-12	2e-12	2e-12	2e-12	2e-12	2e-12	2e-12	2e-12	2e-12
*24/*27	2e-12	2e-12	0.0	1.6e-08	0.0	0.0	2e-12	2e-12	1.2e-08	3.112e-09
*24/*28	2e-12	2e-12	2e-12	2e-12	0.0	0.0	2e-12	2e-12	1.2e-08	1.3346666666666666e-09
*24/*3	4.6e-09	2e-12	4.799999999999999e-09	0.0	4.1999999999999996e-09	3.5999999999999996e-09	2e-12	0.0	0.0	1.9115555555555553e-09
*24/*31	2e-12	2e-12	0.0	2e-12	0.0	0.0	2e-12	2e-12	2e-12	1.3333333333333332e-12
*24/*32	2e-12	2e-12	0.0	2e-12	0.0	0.0	2e-12	2e-12	2e-12	1.3333333333333332e-12
*24/*33	2e-12	2e-12	2e-12	2e-12	2e-12	2e-12	2e-12	2e-12	2e-12	2e-12
*24/*34	2e-12	2e-12	2e-12	2e-12	2e-12	2e-12	2e-12	2e-12	2e-12	2e-12
*24/*35	2e-12	2e-12	2e-12	2e-12	2e-12	2e-12	2e-12	2e-12	2e-12	2e-12
*24/*36	2e-12	2e-12	2e-12	2e-12	2e-12	2e-12	2e-12	2e-12	2e-12	2e-12
*24/*37	2e-12	2e-12	2e-12	2e-12	2e-12	2e-12	2e-12	2e-12	2e-12	2e-12
*24/*38	2e-12	2e-12	2e-12	2e-12	2e-12	2e-12	2e-12	2e-12	2e-12	2e-12
*24/*4	2.06e-08	2e-12	1.98e-07	1.684e-07	8.179999999999999e-08	2.124e-07	2.0799999999999998e-07	0.0	0.0	9.880022222222221e-08
*24/*5	1.242e-07	2e-12	2e-12	2.2e-08	2.31e-07	7.62e-08	4.8e-08	4e-08	4e-08	6.460044444444445e-08
*24/*6	6.34e-07	2e-12	3.7e-07	3.4899999999999996e-07	4.66e-07	4.232e-07	4.62e-07	1.24e-06	7.498e-07	5.215557777777777e-07
*24/*7	0.0	2e-12	2e-12	0.0	4.9599999999999994e-08	1.6e-08	4.8e-08	2e-08	3.2e-08	1.8400444444444443e-08
*24/*8	0.0	2e-12	2e-12	2e-12	2e-12	2e-12	2e-12	2e-12	2e-12	1.7777777777777778e-12
*24/*9	9.3e-08	2e-12	1.1799999999999998e-07	6.88e-08	2.94e-08	1.454e-07	2.0399999999999997e-07	2e-08	2e-12	7.540044444444443e-08
*25/*25	1e-12	1e-12	1e-12	1e-12	1e-12	1e-12	1e-12	1e-12	1e-12	1e-12
*25/*26	2e-12	2e-12	2e-12	2e-12	2e-12	2e-12	2e-12	2e-12	2e-12	2e-12
*25/*27	2e-12	2e-12	0.0	1.6e-08	0.0	0.0	2e-12	2e-12	1.2e-08	3.112e-09
*25/*28	2e-12	2e-12	2e-12	2e-12	0.0	0.0	2e-12	2e-12	1.2e-08	1.3346666666666666e-09
*25/*3	4.6e-09	2e-12	4.799999999999999e-09	0.0	4.1999999999999996e-09	3.5999999999999996e-09	2e-12	0.0	0.0	1.9115555555555553e-09
*25/*31	2e-12	2e-12	0.0	2e-12	0.0	0.0	2e-12	2e-12	2e-12	1.3333333333333332e-12
*25/*32	2e-12	2e-12	0.0	2e-12	0.0	0.0	2e-12	2e-12	2e-12	1.3333333333333332e-12
*25/*33	2e-12	2e-12	2e-12	2e-12	2e-12	2e-12	2e-12	2e-12	2e-12	2e-12
*25/*34	2e-12	2e-12	2e-12	2e-12	2e-12	2e-12	2e-12	2e-12	2e-12	2e-12
*25/*35	2e-12	2e-12	2e-12	2e-12	2e-12	2e-12	2e-12	2e-12	2e-12	2e-12
*25/*36	2e-12	2e-12	2e-12	2e-12	2e-12	2e-12	2e-12	2e-12	2e-12	2e-12
*25/*37	2e-12	2e-12	2e-12	2e-12	2e-12	2e-12	2e-12	2e-12	2e-12	2e-12
*25/*38	2e-12	2e-12	2e-12	2e-12	2e-12	2e-12	2e-12	2e-12	2e-12	2e-12
*25/*4	2.06e-08	2e-12	1.98e-07	1.684e-07	8.179999999999999e-08	2.124e-07	2.0799999999999998e-07	0.0	0.0	9.880022222222221e-08
*25/*5	1.242e-07	2e-12	2e-12	2.2e-08	2.31e-07	7.62e-08	4.8e-08	4e-08	4e-08	6.460044444444445e-08
*25/*6	6.34e-07	2e-12	3.7e-07	3.4899999999999996e-07	4.66e-07	4.232e-07	4.62e-07	1.24e-06	7.498e-07	5.215557777777777e-07
*25/*7	0.0	2e-12	2e-12	0.0	4.9599999999999994e-08	1.6e-08	4.8e-08	2e-08	3.2e-08	1.8400444444444443e-08
*25/*8	0.0	2e-12	2e-12	2e-12	2e-12	2e-12	2e-12	2e-12	2e-12	1.7777777777777778e-12
*25/*9	9.3e-08	2e-12	1.1799999999999998e-07	6.88e-08	2.94e-08	1.454e-07	2.0399999999999997e-07	2e-08	2e-12	7.540044444444443e-08
*26/*26	1e-12	1e-12	1e-12	1e-12	1e-12	1e-12	1e-12	1e-12	1e-12	1e-12
*26/*27	2e-12	2e-12	0.0	1.6e-08	0.0	0.0	2e-12	2e-12	1.2e-08	3.112e-09
*26/*28	2e-12	2e-12	2e-12	2e-12	0.0	0.0	2e-12	2e-12	1.2e-08	1.3346666666666666e-09
*26/*3	4.6e-09	2e-12	4.799999999999999e-09	0.0	4.1999999999999996e-09	3.5999999999999996e-09	2e-12	0.0	0.0	1.9115555555555553e-09
*26/*31	2e-12	2e-12	0.0	2e-12	0.0	0.0	2e-12	2e-12	2e-12	1.3333333333333332e-12
*26/*32	2e-12	2e-12	0.0	2e-12	0.0	0.0	2e-12	2e-12	2e-12	1.3333333333333332e-12
*26/*33	2e-12	2e-12	2e-12	2e-12	2e-12	2e-12	2e-12	2e-12	2e-12	2e-12
*26/*34	2e-12	2e-12	2e-12	2e-12	2e-12	2e-12	2e-12	2e-12	2e-12	2e-12
*26/*35	2e-12	2e-12	2e-12	2e-12	2e-12	2e-12	2e-12	2e-12	2e-12	2e-12
*26/*36	2e-12	2e-12	2e-12	2e-12	2e-12	2e-12	2e-12	2e-12	2e-12	2e-12
*26/*37	2e-12	2e-12	2e-12	2e-12	2e-12	2e-12	2e-12	2e-12	2e-12	2e-12
*26/*38	2e-12	2e-12	2e-12	2e-12	2e-12	2e-12	2e-12	2e-12	2e-12	2e-12
*26/*4	2.06e-08	2e-12	1.98e-07	1.684e-07	8.179999999999999e-08	2.124e-07	2.0799999999999998e-07	0.0	0.0	9.880022222222221e-08
*26/*5	1.242e-07	2e-12	2e-12	2.2e-08	2.31e-07	7.62e-08	4.8e-08	4e-08	4e-08	6.460044444444445e-08
*26/*6	6.34e-07	2e-12	3.7e-07	3.4899999999999996e-07	4.66e-07	4.232e-07	4.62e-07	1.24e-06	7.498e-07	5.215557777777777e-07
*26/*7	0.0	2e-12	2e-12	0.0	4.9599999999999994e-08	1.6e-08	4.8e-08	2e-08	3.2e-08	1.8400444444444443e-08
*26/*8	0.0	2e-12	2e-12	2e-12	2e-12	2e-12	2e-12	2e-12	2e-12	1.7777777777777778e-12
*26/*9	9.3e-08	2e-12	1.1799999999999998e-07	6.88e-08	2.94e-08	1.454e-07	2.0399999999999997e-07	2e-08	2e-12	7.540044444444443e-08
*27/*27	1e-12	1e-12	0.0	6.4e-05	0.0	0.0	1e-12	1e-12	3.6e-05	1.1111111555555555e-05
*27/*28	2e-12	2e-12	0.0	1.6e-08	0.0	0.0	2e-12	2e-12	7.2e-05	8.001778666666668e-06
*27/*3	4.6e-09	2e-12	0.0	0.0	0.0	0.0	2e-12	0.0	0.0	5.115555555555555e-10
*27/*31	2e-12	2e-12	0.0	1.6e-08	0.0	0.0	2e-12	2e-12	1.2e-08	3.112e-09
*27/*32	2e-12	2e-12	0.0	1.6e-08	0.0	0.0	2e-12	2e-12	1.2e-08	3.112e-09
*27/*33	2e-12	2e-12	0.0	1.6e-08	0.0	0.0	2e-12	2e-12	1.2e-08	3.112e-09
*27/*34	2e-12	2e-12	0.0	1.6e-08	0.0	0.0	2e-12	2e-12	1.2e-08	3.112e-09
*27/*35	2e-12	2e-12	0.0	1.6e-08	0.0	0.0	2e-12	2e-12	1.2e-08	3.112e-09
*27/*36	2e-12	2e-12	0.0	1.6e-08	0.0	0.0	2e-12	2e-12	1.2e-08	3.112e-09
*27/*37	2e-12	2e-12	0.0	1.6e-08	0.0	0.0	2e-12	2e-12	1.2e-08	3.112e-09
*27/*38	2e-12	2e-12	0.0	1.6e-08	0.0	0.0	2e-12	2e-12	1.2e-08	3.112e-09
*27/*4	2.06e-08	2e-12	0.0	0.0013472	0.0	0.0	2.0799999999999998e-07	0.0	0.0	0.00014971428911111112
*27/*5	1.242e-07	2e-12	0.0	0.000176	0.0	0.0	4.8e-08	4e-08	0.00024	4.624580022222222e-05
*27/*6	6.34e-07	2e-12	0.0	0.0027919999999999998	0.0	0.0	4.62e-07	1.24e-06	0.0044988	0.0008103484446666666
*27/*7	0.0	2e-12	0.0	0.0	0.0	0.0	4.8e-08	2e-08	0.000192	2.1340889111111113e-05
*27/*8	0.0	2e-12	0.0	1.6e-08	0.0	0.0	2e-12	2e-12	1.2e-08	3.111777777777778e-09
*27/*9	9.3e-08	2e-12	0.0	0.0005504	0.0	0.0	2.0399999999999997e-07	2e-08	1.2e-08	6.119211133333333e-05
*28/*28	1e-12	1e-12	1e-12	1e-12	0.0	0.0	1e-12	1e-12	3.6e-05	4.000000666666667e-06
*28/*3	4.6e-09	2e-12	4.799999999999999e-09	0.0	0.0	0.0	2e-12	0.0	0.0	1.0448888888888887e-09
*28/*31	2e-12	2e-12	0.0	2e-12	0.0	0.0	2e-12	2e-12	1.2e-08	1.3344444444444445e-09
*28/*32	2e-12	2e-12	0.0	2e-12	0.0	0.0	2e-12	2e-12	1.2e-08	1.3344444444444445e-09
*28/*33	2e-12	2e-12	2e-12	2e-12	0.0	0.0	2e-12	2e-12	1.2e-08	1.3346666666666666e-09
*28/*34	2e-12	2e-12	2e-12	2e-12	0.0	0.0	2e-12	2e-12	1.2e-08	1.3346666666666666e-09
*28/*35	2e-12	2e-12	2e-12	2e-12	0.0	0.0	2e-12	2e-12	1.2e-08	1.3346666666666666e-09
*28/*36	2e-12	2e-12	2e-12	2e-12	0.0	0.0	2e-12	2e-12	1.2e-08	1.3346666666666666e-09
*28/*37	2e-12	2e-12	2e-12	2e-12	0.0	0.0	2e-12	2e-12	1.2e-08	1.3346666666666666e-09
*28/*38	2e-12	2e-12	2e-12	2e-12	0.0	0.0	2e-12	2e-12	1.2e-08	1.3346666666666666e-09
*28/*4	2.06e-08	2e-12	1.98e-07	1.684e-07	0.0	0.0	2.0799999999999998e-07	0.0	0.0	6.611133333333333e-08
*28/*5	1.242e-07	2e-12	2e-12	2.2e-08	0.0	0.0	4.8e-08	4e-08	0.00024	2.6692689333333332e-05
*28/*6	6.34e-07	2e-12	3.7e-07	3.4899999999999996e-07	0.0	0.0	4.62e-07	1.24e-06	0.0044988	0.0005002061113333333
*28/*7	0.0	2e-12	2e-12	0.0	0.0	0.0	4.8e-08	2e-08	0.000192	2.1340889333333334e-05
*28/*8	0.0	2e-12	2e-12	2e-12	0.0	0.0	2e-12	2e-12	1.2e-08	1.3344444444444445e-09
*28/*9	9.3e-08	2e-12	1.1799999999999998e-07	6.88e-08	0.0	0.0	2.0399999999999997e-07	2e-08	1.2e-08	5.7311333333333325e-08
*3/*3	5.29e-06	1e-12	5.759999999999999e-06	0.0	4.409999999999999e-06	3.24e-06	1e-12	0.0	0.0	2.077778e-06
*3/*31	4.6e-09	2e-12	0.0	0.0	0.0	0.0	2e-12	0.0	0.0	5.115555555555555e-10
*3/*32	4.6e-09	2e-12	0.0	0.0	0.0	0.0	2e-12	0.0	0.0	5.115555555555555e-10
*3/*33	4.6e-09	2e-12	4.799999999999999e-09	0.0	4.1999999999999996e-09	3.5999999999999996e-09	2e-12	0.0	0.0	1.9115555555555553e-09
*3/*34	4.6e-09	2e-12	4.799999999999999e-09	0.0	4.1999999999999996e-09	3.5999999999999996e-09	2e-12	0.0	0.0	1.9115555555555553e-09
*3/*35	4.6e-09	2e-12	4.799999999999999e-09	0.0	4.1999999999999996e-09	3.5999999999999996e-09	2e-12	0.0	0.0	1.9115555555555553e-09
*3/*36	4.6e-09	2e-12	4.799999999999999e-09	0.0	4.1999999999999996e-09	3.5999999999999996e-09	2e-12	0.0	0.0	1.9115555555555553e-09
*3/*37	4.6e-09	2e-12	4.799999999999999e-09	0.0	4.1999999999999996e-09	3.5999999999999996e-09	2e-12	0.0	0.0	1.9115555555555553e-09
*3/*38	4.6e-09	2e-12	4.799999999999999e-09	0.0	4.1999999999999996e-09	3.5999999999999996e-09	2e-12	0.0	0.0	1.9115555555555553e-09
*3/*4	4.738e-05	2e-12	0.0004752	0.0	0.00017177999999999999	0.00038232	2.0799999999999998e-07	0.0	0.0	0.00011965422244444445
*3/*5	0.00028566	2e-12	4.799999999999999e-09	0.0	0.0004851	0.00013716	4.8e-08	0.0	0.0	0.00010088586688888889
*3/*6	0.0014582	2e-12	0.0008879999999999999	0.0	0.0009786	0.00076176	4.62e-07	0.0	0.0	0.00045411355577777766
*3/*7	0.0	2e-12	4.799999999999999e-09	0.0	0.00010415999999999999	2.88e-05	4.8e-08	0.0	0.0	1.4779200222222222e-05
*3/*8	0.0	2e-12	4.799999999999999e-09	0.0	4.1999999999999996e-09	3.5999999999999996e-09	2e-12	0.0	0.0	1.4004444444444442e-09
*3/*9	0.0002139	2e-12	0.00028319999999999994	0.0	6.173999999999999e-05	0.00026172	2.0399999999999997e-07	0.0	0.0	9.119600022222221e-05
*31/*31	1e-12	1e-12	0.0	1e-12	0.0	0.0	1e-12	1e-12	1e-12	6.666666666666666e-13
*31/*32	2e-12	2e-12	0.0	2e-12	0.0	0.0	2e-12	2e-12	2e-12	1.3333333333333332e-12
*31/*33	2e-12	2e-12	0.0	2e-12	0.0	0.0	2e-12	2e-12	2e-12	1.3333333333333332e-12
*31/*34	2e-12	2e-12	0.0	2e-12	0.0	0.0	2e-12	2e-12	2e-12	1.3333333333333332e-12
*31/*35	2e-12	2e-12	0.0	2e-12	0.0	0.0	2e-12	2e-12	2e-12	1.3333333333333332e-12
*31/*36	2e-12	2e-12	0.0	2e-12	0.0	0.0	2e-12	2e-12	2e-12	1.3333333333333332e-12
*31/*37	2e-12	2e-12	0.0	2e-12	0.0	0.0	2e-12	2e-12	2e-12	1.3333333333333332e-12
*31/*38	2e-12	2e-12	0.0	2e-12	0.0	0.0	2e-12	2e-12	2e-12	1.3333333333333332e-12
*31/*4	2.06e-08	2e-12	0.0	1.684e-07	0.0	0.0	2.0799999999999998e-07	0.0	0.0	4.411133333333333e-08
*31/*5	1.242e-07	2e-12	0.0	2.2e-08	0.0	0.0	4.8e-08	4e-08	4e-08	3.046688888888888e-08
*31/*6	6.34e-07	2e-12	0.0	3.4899999999999996e-07	0.0	0.0	4.62e-07	1.24e-06	7.498e-07	3.8164466666666666e-07
*31/*7	0.0	2e-12	0.0	0.0	0.0	0.0	4.8e-08	2e-08	3.2e-08	1.1111333333333334e-08
*31/*8	0.0	2e-12	0.0	2e-12	0.0	0.0	2e-12	2e-12	2e-12	1.111111111111111e-12
*31/*9	9.3e-08	2e-12	0.0	6.88e-08	0.0	0.0	2.0399999999999997e-07	2e-08	2e-12	4.286711111111111e-08
*32/*32	1e-12	1e-12	0.0	1e-12	0.0	0.0	1e-12	1e-12	1e-12	6.666666666666666e-13
*32/*33	2e-12	2e-12	0.0	2e-12	0.0	0.0	2e-12	2e-12	2e-12	1.3333333333333332e-12
*32/*34	2e-12	2e-12	0.0	2e-12	0.0	0.0	2e-12	2e-12	2e-12	1.3333333333333332e-12
*32/*35	2e-12	2e-12	0.0	2e-12	0.0	0.0	2e-12	2e-12	2e-12	1.3333333333333332e-12
*32/*36	2e-12	2e-12	0.0	2e-12	0.0	0.0	2e-12	2e-12	2e-12	1.3333333333333332e-12
*32/*37	2e-12	2e-12	0.0	2e-12	0.0	0.0	2e-12	2e-12	2e-12	1.3333333333333332e-12
*32/*38	2e-12	2e-12	0.0	2e-12	0.0	0.0	2e-12	2e-12	2e-12	1.3333333333333332e-12
*32/*4	2.06e-08	2e-12	0.0	1.684e-07	0.0	0.0	2.0799999999999998e-07	0.0	0.0	4.411133333333333e-08
*32/*5	1.242e-07	2e-12	0.0	2.2e-08	0.0	0.0	4.8e-08	4e-08	4e-08	3.046688888888888e-08
*32/*6	6.34e-07	2e-12	0.0	3.4899999999999996e-07	0.0	0.0	4.62e-07	1.24e-06	7.498e-07	3.8164466666666666e-07
*32/*7	0.0	2e-12	0.0	0.0	0.0	0.0	4.8e-08	2e-08	3.2e-08	1.1111333333333334e-08
*32/*8	0.0	2e-12	0.0	2e-12	0.0	0.0	2e-12	2e-12	2e-12	1.111111111111111e-12
*32/*9	9.3e-08	2e-12	0.0	6.88e-08	0.0	0.0	2.0399999999999997e-07	2e-08	2e-12	4.286711111111111e-08
*33/*33	1e-12	1e-12	1e-12	1e-12	1e-12	1e-12	1e-12	1e-12	1e-12	1e-12
*33/*34	2e-12	2e-12	2e-12	2e-12	2e-12	2e-12	2e-12	2e-12	2e-12	2e-12
*33/*35	2e-12	2e-12	2e-12	2e-12	2e-12	2e-12	2e-12	2e-12	2e-12	2e-12
*33/*36	2e-12	2e-12	2e-12	2e-12	2e-12	2e-12	2e-12	2e-12	2e-12	2e-12
*33/*37	2e-12	2e-12	2e-12	2e-12	2e-12	2e-12	2e-12	2e-12	2e-12	2e-12
*33/*38	2e-12	2e-12	2e-12	2e-12	2e-12	2e-12	2e-12	2e-12	2e-12	2e-12
*33/*4	2.06e-08	2e-12	1.98e-07	1.684e-07	8.179999999999999e-08	2.124e-07	2.0799999999999998e-07	0.0	0.0	9.880022222222221e-08
*33/*5	1.242e-07	2e-12	2e-12	2.2e-08	2.31e-07	7.62e-08	4.8e-08	4e-08	4e-08	6.460044444444445e-08
*33/*6	6.34e-07	2e-12	3.7e-07	3.4899999999999996e-07	4.66e-07	4.232e-07	4.62e-07	1.24e-06	7.498e-07	5.215557777777777e-07
*33/*7	0.0	2e-12	2e-12	0.0	4.9599999999999994e-08	1.6e-08	4.8e-08	2e-08	3.2e-08	1.8400444444444443e-08
*33/*8	0.0	2e-12	2e-12	2e-12	2e-12	2e-12	2e-12	2e-12	2e-12	1.7777777777777778e-12
*33/*9	9.3e-08	2e-12	1.1799999999999998e-07	6.88e-08	2.94e-08	1.454e-07	2.0399999999999997e-07	2e-08	2e-12	7.540044444444443e-08
*34/*34	1e-12	1e-12	1e-12	1e-12	1e-12	1e-12	1e-12	1e-12	1e-12	1e-12
*34/*35	2e-12	2e-12	2e-12	2e-12	2e-12	2e-12	2e-12	2e-12	2e-12	2e-12
*34/*36	2e-12	2e-12	2e-12	2e-12	2e-12	2e-12	2e-12	2e-12	2e-12	2e-12
*34/*37	2e-12	2e-12	2e-12	2e-12	2e-12	2e-12	2e-12	2e-12	2e-12	2e-12
*34/*38	2e-12	2e-12	2e-12	2e-12	2e-12	2e-12	2e-12	2e-12	2e-12	2e-12
*34/*4	2.06e-08	2e-12	1.98e-07	1.684e-07	8.179999999999999e-08	2.124e-07	2.0799999999999998e-07	0.0	0.0	9.880022222222221e-08
*34/*5	1.242e-07	2e-12	2e-12	2.2e-08	2.31e-07	7.62e-08	4.8e-08	4e-08	4e-08	6.460044444444445e-08
*34/*6	6.34e-07	2e-12	3.7e-07	3.4899999999999996e-07	4.66e-07	4.232e-07	4.62e-07	1.24e-06	7.498e-07	5.215557777777777e-07
*34/*7	0.0	2e-12	2e-12	0.0	4.9599999999999994e-08	1.6e-08	4.8e-08	2e-08	3.2e-08	1.8400444444444443e-08
*34/*8	0.0	2e-12	2e-12	2e-12	2e-12	2e-12	2e-12	2e-12	2e-12	1.7777777777777778e-12
*34/*9	9.3e-08	2e-12	1.1799999999999998e-07	6.88e-08	2.94e-08	1.454e-07	2.0399999999999997e-07	2e-08	2e-12	7.540044444444443e-08
*35/*35	1e-12	1e-12	1e-12	1e-12	1e-12	1e-12	1e-12	1e-12	1e-12	1e-12
*35/*36	2e-12	2e-12	2e-12	2e-12	2e-12	2e-12	2e-12	2e-12	2e-12	2e-12
*35/*37	2e-12	2e-12	2e-12	2e-12	2e-12	2e-12	2e-12	2e-12	2e-12	2e-12
*35/*38	2e-12	2e-12	2e-12	2e-12	2e-12	2e-12	2e-12	2e-12	2e-12	2e-12
*35/*4	2.06e-08	2e-12	1.98e-07	1.684e-07	8.179999999999999e-08	2.124e-07	2.0799999999999998e-07	0.0	0.0	9.880022222222221e-08
*35/*5	1.242e-07	2e-12	2e-12	2.2e-08	2.31e-07	7.62e-08	4.8e-08	4e-08	4e-08	6.460044444444445e-08
*35/*6	6.34e-07	2e-12	3.7e-07	3.4899999999999996e-07	4.66e-07	4.232e-07	4.62e-07	1.24e-06	7.498e-07	5.215557777777777e-07
*35/*7	0.0	2e-12	2e-12	0.0	4.9599999999999994e-08	1.6e-08	4.8e-08	2e-08	3.2e-08	1.8400444444444443e-08
*35/*8	0.0	2e-12	2e-12	2e-12	2e-12	2e-12	2e-12	2e-12	2e-12	1.7777777777777778e-12
*35/*9	9.3e-08	2e-12	1.1799999999999998e-07	6.88e-08	2.94e-08	1.454e-07	2.0399999999999997e-07	2e-08	2e-12	7.540044444444443e-08
*36/*36	1e-12	1e-12	1e-12	1e-12	1e-12	1e-12	1e-12	1e-12	1e-12	1e-12
*36/*37	2e-12	2e-12	2e-12	2e-12	2e-12	2e-12	2e-12	2e-12	2e-12	2e-12
*36/*38	2e-12	2e-12	2e-12	2e-12	2e-12	2e-12	2e-12	2e-12	2e-12	2e-12
*36/*4	2.06e-08	2e-12	1.98e-07	1.684e-07	8.179999999999999e-08	2.124e-07	2.0799999999999998e-07	0.0	0.0	9.880022222222221e-08
*36/*5	1.242e-07	2e-12	2e-12	2.2e-08	2.31e-07	7.62e-08	4.8e-08	4e-08	4e-08	6.460044444444445e-08
*36/*6	6.34e-07	2e-12	3.7e-07	3.4899999999999996e-07	4.66e-07	4.232e-07	4.62e-07	1.24e-06	7.498e-07	5.215557777777777e-07
*36/*7	0.0	2e-12	2e-12	0.0	4.9599999999999994e-08	1.6e-08	4.8e-08	2e-08	3.2e-08	1.8400444444444443e-08
*36/*8	0.0	2e-12	2e-12	2e-12	2e-12	2e-12	2e-12	2e-12	2e-12	1.7777777777777778e-12
*36/*9	9.3e-08	2e-12	1.1799999999999998e-07	6.88e-08	2.94e-08	1.454e-07	2.0399999999999997e-07	2e-08	2e-12	7.540044444444443e-08
*37/*37	1e-12	1e-12	1e-12	1e-12	1e-12	1e-12	1e-12	1e-12	1e-12	1e-12
*37/*38	2e-12	2e-12	2e-12	2e-12	2e-12	2e-12	2e-12	2e-12	2e-12	2e-12
*37/*4	2.06e-08	2e-12	1.98e-07	1.684e-07	8.179999999999999e-08	2.124e-07	2.0799999999999998e-07	0.0	0.0	9.880022222222221e-08
*37/*5	1.242e-07	2e-12	2e-12	2.2e-08	2.31e-07	7.62e-08	4.8e-08	4e-08	4e-08	6.460044444444445e-08
*37/*6	6.34e-07	2e-12	3.7e-07	3.4899999999999996e-07	4.66e-07	4.232e-07	4.62e-07	1.24e-06	7.498e-07	5.215557777777777e-07
*37/*7	0.0	2e-12	2e-12	0.0	4.9599999999999994e-08	1.6e-08	4.8e-08	2e-08	3.2e-08	1.8400444444444443e-08
*37/*8	0.0	2e-12	2e-12	2e-12	2e-12	2e-12	2e-12	2e-12	2e-12	1.7777777777777778e-12
*37/*9	9.3e-08	2e-12	1.1799999999999998e-07	6.88e-08	2.94e-08	1.454e-07	2.0399999999999997e-07	2e-08	2e-12	7.540044444444443e-08
*38/*38	1e-12	1e-12	1e-12	1e-12	1e-12	1e-12	1e-12	1e-12	1e-12	1e-12
*38/*4	2.06e-08	2e-12	1.98e-07	1.684e-07	8.179999999999999e-08	2.124e-07	2.0799999999999998e-07	0.0	0.0	9.880022222222221e-08
*38/*5	1.242e-07	2e-12	2e-12	2.2e-08	2.31e-07	7.62e-08	4.8e-08	4e-08	4e-08	6.460044444444445e-08
*38/*6	6.34e-07	2e-12	3.7e-07	3.4899999999999996e-07	4.66e-07	4.232e-07	4.62e-07	1.24e-06	7.498e-07	5.215557777777777e-07
*38/*7	0.0	2e-12	2e-12	0.0	4.9599999999999994e-08	1.6e-08	4.8e-08	2e-08	3.2e-08	1.8400444444444443e-08
*38/*8	0.0	2e-12	2e-12	2e-12	2e-12	2e-12	2e-12	2e-12	2e-12	1.7777777777777778e-12
*38/*9	9.3e-08	2e-12	1.1799999999999998e-07	6.88e-08	2.94e-08	1.454e-07	2.0399999999999997e-07	2e-08	2e-12	7.540044444444443e-08
*4/*4	0.00010609000000000001	1e-12	0.009801	0.0070896399999999995	0.0016728099999999998	0.01127844	0.010816	0.0	0.0	0.004529331111222222
*4/*5	0.0012792600000000002	2e-12	1.98e-07	0.0018524	0.0094479	0.008092440000000001	0.004992	0.0	0.0	0.0028515775557777776
*4/*6	0.0065302	2e-12	0.03663	0.029385799999999997	0.0190594	0.044943840000000006	0.048048	0.0	0.0	0.02051080444466667
*4/*7	0.0	2e-12	1.98e-07	0.0	0.00202864	0.0016992	0.004992	0.0	0.0	0.0009688931113333334
*4/*8	0.0	2e-12	1.98e-07	1.684e-07	8.179999999999999e-08	2.124e-07	2.0799999999999998e-07	0.0	0.0	9.651133333333333e-08
*4/*9	0.0009579	2e-12	0.011682	0.00579296	0.00120246	0.01544148	0.021216	0.0	0.0	0.006254755555777778
*5/*5	0.0038564100000000002	1e-12	1e-12	0.00012099999999999999	0.013340250000000001	0.00145161	0.000576	0.0004	0.0004	0.002238363333555556
*5/*6	0.0393714	2e-12	3.7e-07	0.0038389999999999995	0.053823	0.01612392	0.011088	0.0248	0.014996	0.018226854444666665
*5/*7	0.0	2e-12	2e-12	0.0	0.0057288	0.0006096000000000001	0.001152	0.0004	0.00064	0.0009478222226666668
*5/*8	0.0	2e-12	2e-12	2.2e-08	2.31e-07	7.62e-08	4.8e-08	4e-08	4e-08	5.080044444444444e-08
*5/*9	0.005775300000000001	2e-12	1.1799999999999998e-07	0.0007568	0.0033957	0.0055397400000000005	0.004896	0.0004	4e-08	0.0023070775557777782
*6/*6	0.10048900000000001	1e-12	0.034225	0.030450249999999995	0.054289000000000004	0.044774560000000005	0.053361000000000006	0.3844	0.14055001	0.09361542444455556
*6/*7	0.0	2e-12	3.7e-07	0.0	0.0115568	0.0033856000000000003	0.011088	0.0124	0.0119968	0.005603063333555556
*6/*8	0.0	2e-12	3.7e-07	3.4899999999999996e-07	4.66e-07	4.232e-07	4.62e-07	1.24e-06	7.498e-07	4.511113333333333e-07
*6/*9	0.029481	2e-12	0.02183	0.0120056	0.0068502	0.03076664	0.047124	0.0124	7.498e-07	0.017828687755777776
*7/*7	0.0	1e-12	1e-12	0.0	0.00061504	6.4e-05	0.000576	0.0001	0.000256	0.00017900444466666666
*7/*8	0.0	2e-12	2e-12	0.0	4.9599999999999994e-08	1.6e-08	4.8e-08	2e-08	3.2e-08	1.8400444444444443e-08
*7/*9	0.0	2e-12	1.1799999999999998e-07	0.0	0.00072912	0.0011632	0.004896	0.0002	3.2e-08	0.0007764966668888888
*8/*8	0.0	1e-12	1e-12	1e-12	1e-12	1e-12	1e-12	1e-12	1e-12	8.888888888888889e-13
*8/*9	0.0	2e-12	1.1799999999999998e-07	6.88e-08	2.94e-08	1.454e-07	2.0399999999999997e-07	2e-08	2e-12	6.506711111111111e-08
*9/*9	0.00216225	1e-12	0.0034809999999999997	0.00118336	0.00021609	0.00528529	0.010403999999999998	0.0001	1e-12	0.0025368877779999997
