	African_American_Afro_Caribbean	American	Central_South_Asian	East_Asian	European	Latino	Near_Eastern	Oceanian	Sub_Saharan_African	Global
*1/*1	0.6575588099999999	1e-12	0.94148209	0.988036	0.7773948900000001	0.81108036	1e-12	1e-12	1e-12	0.46395023888933334
*1/*10	1.3151176199999999	2e-12	1.88296418	1.976072	1.5547897800000001	1.62216072	2e-12	2e-12	2e-12	0.9279004777786667
*1/*11	1.3151176199999999	2e-12	1.88296418	0.005964	1.5547897800000001	1.62216072	2e-12	2e-12	2e-12	0.7089995888897778
*1/*12	1.3151176199999999	2e-12	1.88296418	1.976072	1.5547897800000001	1.62216072	2e-12	2e-12	2e-12	0.9279004777786667
*1/*13	1.3151176199999999	2e-12	1.88296418	1.976072	1.5547897800000001	1.62216072	2e-12	2e-12	2e-12	0.9279004777786667
*1/*14	1.3151176199999999	2e-12	1.88296418	0.001988	1.5547897800000001	1.62216072	2e-12	2e-12	2e-12	0.7085578111120001
*1/*15	1.3151176199999999	2e-12	1.88296418	1.976072	0.01922106	0.005223479999999999	2e-12	2e-12	2e-12	0.5776220377786667
*1/*16	0.0024327	2e-12	0.00795646	1.976072	1.5547897800000001	1.62216072	2e-12	2e-12	2e-12	0.5737124066675556
*1/*17	0.011028239999999998	2e-12	1.88296418	1.976072	1.5547897800000001	1.62216072	2e-12	2e-12	2e-12	0.7830016577786668
*1/*18	1.3151176199999999	2e-12	1.88296418	1.976072	0.0017634	1.62216072	2e-12	2e-12	2e-12	0.7553419911120001
*1/*2	0.30668238	2e-12	0.023869380000000003	1.976072	0.0070536	0.020713799999999997	2e-12	2e-12	2e-12	0.2593767955564445
*1/*3	0.01346094	2e-12	0.057635820000000004	0.001988	0.20861022	0.17903928	2e-12	2e-12	2e-12	0.05119269555644445
*1/*4	0.006162839999999999	2e-12	0.01397232	1.976072	0.10174818000000001	0.03368244	2e-12	2e-12	2e-12	0.2368486422231112
*1/*5	1.3151176199999999	2e-12	1.88296418	1.976072	1.5547897800000001	1.62216072	2e-12	2e-12	2e-12	0.9279004777786667
*1/*6	1.3151176199999999	2e-12	1.88296418	0.011928	1.5547897800000001	1.62216072	2e-12	2e-12	2e-12	0.7096622555564446
*1/*7	1.3151176199999999	2e-12	1.88296418	1.976072	1.5547897800000001	1.62216072	2e-12	2e-12	2e-12	0.9279004777786667
*1/*8	1.3151176199999999	2e-12	1.88296418	1.976072	1.5547897800000001	1.62216072	2e-12	2e-12	2e-12	0.9279004777786667
*1/*9	1.3151176199999999	2e-12	1.88296418	1.976072	1.5547897800000001	1.62216072	2e-12	2e-12	2e-12	0.9279004777786667
*10/*10	0.6575588099999999	1e-12	0.94148209	0.988036	0.7773948900000001	0.81108036	1e-12	1e-12	1e-12	0.46395023888933334
*10/*11	1.3151176199999999	2e-12	1.88296418	0.005964	1.5547897800000001	1.62216072	2e-12	2e-12	2e-12	0.7089995888897778
*10/*12	1.3151176199999999	2e-12	1.88296418	1.976072	1.5547897800000001	1.62216072	2e-12	2e-12	2e-12	0.9279004777786667
*10/*13	1.3151176199999999	2e-12	1.88296418	1.976072	1.5547897800000001	1.62216072	2e-12	2e-12	2e-12	0.9279004777786667
*10/*14	1.3151176199999999	2e-12	1.88296418	0.001988	1.5547897800000001	1.62216072	2e-12	2e-12	2e-12	0.7085578111120001
*10/*15	1.3151176199999999	2e-12	1.88296418	1.976072	0.01922106	0.005223479999999999	2e-12	2e-12	2e-12	0.5776220377786667
*10/*16	0.0024327	2e-12	0.00795646	1.976072	1.5547897800000001	1.62216072	2e-12	2e-12	2e-12	0.5737124066675556
*10/*17	0.011028239999999998	2e-12	1.88296418	1.976072	1.5547897800000001	1.62216072	2e-12	2e-12	2e-12	0.7830016577786668
*10/*18	1.3151176199999999	2e-12	1.88296418	1.976072	0.0017634	1.62216072	2e-12	2e-12	2e-12	0.7553419911120001
*10/*2	0.30668238	2e-12	0.023869380000000003	1.976072	0.0070536	0.020713799999999997	2e-12	2e-12	2e-12	0.2593767955564445
*10/*3	0.01346094	2e-12	0.057635820000000004	0.001988	0.20861022	0.17903928	2e-12	2e-12	2e-12	0.05119269555644445
*10/*4	0.006162839999999999	2e-12	0.01397232	1.976072	0.10174818000000001	0.03368244	2e-12	2e-12	2e-12	0.2368486422231112
*10/*5	1.3151176199999999	2e-12	1.88296418	1.976072	1.5547897800000001	1.62216072	2e-12	2e-12	2e-12	0.9279004777786667
*10/*6	1.3151176199999999	2e-12	1.88296418	0.011928	1.5547897800000001	1.62216072	2e-12	2e-12	2e-12	0.7096622555564446
*10/*7	1.3151176199999999	2e-12	1.88296418	1.976072	1.5547897800000001	1.62216072	2e-12	2e-12	2e-12	0.9279004777786667
*10/*8	1.3151176199999999	2e-12	1.88296418	1.976072	1.5547897800000001	1.62216072	2e-12	2e-12	2e-12	0.9279004777786667
*10/*9	1.3151176199999999	2e-12	1.88296418	1.976072	1.5547897800000001	1.62216072	2e-12	2e-12	2e-12	0.9279004777786667
*11/*11	0.6575588099999999	1e-12	0.94148209	9e-06	0.7773948900000001	0.81108036	1e-12	1e-12	1e-12	0.35416946111155556
*11/*12	1.3151176199999999	2e-12	1.88296418	0.005964	1.5547897800000001	1.62216072	2e-12	2e-12	2e-12	0.7089995888897778
*11/*13	1.3151176199999999	2e-12	1.88296418	0.005964	1.5547897800000001	1.62216072	2e-12	2e-12	2e-12	0.7089995888897778
*11/*14	1.3151176199999999	2e-12	1.88296418	6e-06	1.5547897800000001	1.62216072	2e-12	2e-12	2e-12	0.7083375888897778
*11/*15	1.3151176199999999	2e-12	1.88296418	0.005964	0.01922106	0.005223479999999999	2e-12	2e-12	2e-12	0.35872114888977785
*11/*16	0.0024327	2e-12	0.00795646	0.005964	1.5547897800000001	1.62216072	2e-12	2e-12	2e-12	0.3548115177786667
*11/*17	0.011028239999999998	2e-12	1.88296418	0.005964	1.5547897800000001	1.62216072	2e-12	2e-12	2e-12	0.5641007688897779
*11/*18	1.3151176199999999	2e-12	1.88296418	0.005964	0.0017634	1.62216072	2e-12	2e-12	2e-12	0.5364411022231113
*11/*2	0.30668238	2e-12	0.023869380000000003	0.005964	0.0070536	0.020713799999999997	2e-12	2e-12	2e-12	0.04047590666755556
*11/*3	0.01346094	2e-12	0.057635820000000004	6e-06	0.20861022	0.17903928	2e-12	2e-12	2e-12	0.050972473334222224
*11/*4	0.006162839999999999	2e-12	0.01397232	0.005964	0.10174818000000001	0.03368244	2e-12	2e-12	2e-12	0.01794775333422223
*11/*5	1.3151176199999999	2e-12	1.88296418	0.005964	1.5547897800000001	1.62216072	2e-12	2e-12	2e-12	0.7089995888897778
*11/*6	1.3151176199999999	2e-12	1.88296418	3.6e-05	1.5547897800000001	1.62216072	2e-12	2e-12	2e-12	0.7083409222231113
*11/*7	1.3151176199999999	2e-12	1.88296418	0.005964	1.5547897800000001	1.62216072	2e-12	2e-12	2e-12	0.7089995888897778
*11/*8	1.3151176199999999	2e-12	1.88296418	0.005964	1.5547897800000001	1.62216072	2e-12	2e-12	2e-12	0.7089995888897778
*11/*9	1.3151176199999999	2e-12	1.88296418	0.005964	1.5547897800000001	1.62216072	2e-12	2e-12	2e-12	0.7089995888897778
*12/*12	0.6575588099999999	1e-12	0.94148209	0.988036	0.7773948900000001	0.81108036	1e-12	1e-12	1e-12	0.46395023888933334
*12/*13	1.3151176199999999	2e-12	1.88296418	1.976072	1.5547897800000001	1.62216072	2e-12	2e-12	2e-12	0.9279004777786667
*12/*14	1.3151176199999999	2e-12	1.88296418	0.001988	1.5547897800000001	1.62216072	2e-12	2e-12	2e-12	0.7085578111120001
*12/*15	1.3151176199999999	2e-12	1.88296418	1.976072	0.01922106	0.005223479999999999	2e-12	2e-12	2e-12	0.5776220377786667
*12/*16	0.0024327	2e-12	0.00795646	1.976072	1.5547897800000001	1.62216072	2e-12	2e-12	2e-12	0.5737124066675556
*12/*17	0.011028239999999998	2e-12	1.88296418	1.976072	1.5547897800000001	1.62216072	2e-12	2e-12	2e-12	0.7830016577786668
*12/*18	1.3151176199999999	2e-12	1.88296418	1.976072	0.0017634	1.62216072	2e-12	2e-12	2e-12	0.7553419911120001
*12/*2	0.30668238	2e-12	0.023869380000000003	1.976072	0.0070536	0.020713799999999997	2e-12	2e-12	2e-12	0.2593767955564445
*12/*3	0.01346094	2e-12	0.057635820000000004	0.001988	0.20861022	0.17903928	2e-12	2e-12	2e-12	0.05119269555644445
*12/*4	0.006162839999999999	2e-12	0.01397232	1.976072	0.10174818000000001	0.03368244	2e-12	2e-12	2e-12	0.2368486422231112
*12/*5	1.3151176199999999	2e-12	1.88296418	1.976072	1.5547897800000001	1.62216072	2e-12	2e-12	2e-12	0.9279004777786667
*12/*6	1.3151176199999999	2e-12	1.88296418	0.011928	1.5547897800000001	1.62216072	2e-12	2e-12	2e-12	0.7096622555564446
*12/*7	1.3151176199999999	2e-12	1.88296418	1.976072	1.5547897800000001	1.62216072	2e-12	2e-12	2e-12	0.9279004777786667
*12/*8	1.3151176199999999	2e-12	1.88296418	1.976072	1.5547897800000001	1.62216072	2e-12	2e-12	2e-12	0.9279004777786667
*12/*9	1.3151176199999999	2e-12	1.88296418	1.976072	1.5547897800000001	1.62216072	2e-12	2e-12	2e-12	0.9279004777786667
*13/*13	0.6575588099999999	1e-12	0.94148209	0.988036	0.7773948900000001	0.81108036	1e-12	1e-12	1e-12	0.46395023888933334
*13/*14	1.3151176199999999	2e-12	1.88296418	0.001988	1.5547897800000001	1.62216072	2e-12	2e-12	2e-12	0.7085578111120001
*13/*15	1.3151176199999999	2e-12	1.88296418	1.976072	0.01922106	0.005223479999999999	2e-12	2e-12	2e-12	0.5776220377786667
*13/*16	0.0024327	2e-12	0.00795646	1.976072	1.5547897800000001	1.62216072	2e-12	2e-12	2e-12	0.5737124066675556
*13/*17	0.011028239999999998	2e-12	1.88296418	1.976072	1.5547897800000001	1.62216072	2e-12	2e-12	2e-12	0.7830016577786668
*13/*18	1.3151176199999999	2e-12	1.88296418	1.976072	0.0017634	1.62216072	2e-12	2e-12	2e-12	0.7553419911120001
*13/*2	0.30668238	2e-12	0.023869380000000003	1.976072	0.0070536	0.020713799999999997	2e-12	2e-12	2e-12	0.2593767955564445
*13/*3	0.01346094	2e-12	0.057635820000000004	0.001988	0.20861022	0.17903928	2e-12	2e-12	2e-12	0.05119269555644445
*13/*4	0.006162839999999999	2e-12	0.01397232	1.976072	0.10174818000000001	0.03368244	2e-12	2e-12	2e-12	0.2368486422231112
*13/*5	1.3151176199999999	2e-12	1.88296418	1.976072	1.5547897800000001	1.62216072	2e-12	2e-12	2e-12	0.9279004777786667
*13/*6	1.3151176199999999	2e-12	1.88296418	0.011928	1.5547897800000001	1.62216072	2e-12	2e-12	2e-12	0.7096622555564446
*13/*7	1.3151176199999999	2e-12	1.88296418	1.976072	1.5547897800000001	1.62216072	2e-12	2e-12	2e-12	0.9279004777786667
*13/*8	1.3151176199999999	2e-12	1.88296418	1.976072	1.5547897800000001	1.62216072	2e-12	2e-12	2e-12	0.9279004777786667
*13/*9	1.3151176199999999	2e-12	1.88296418	1.976072	1.5547897800000001	1.62216072	2e-12	2e-12	2e-12	0.9279004777786667
*14/*14	0.6575588099999999	1e-12	0.94148209	1e-06	0.7773948900000001	0.81108036	1e-12	1e-12	1e-12	0.3541685722226667
*14/*15	1.3151176199999999	2e-12	1.88296418	0.001988	0.01922106	0.005223479999999999	2e-12	2e-12	2e-12	0.35827937111200003
*14/*16	0.0024327	2e-12	0.00795646	0.001988	1.5547897800000001	1.62216072	2e-12	2e-12	2e-12	0.35436974000088894
*14/*17	0.011028239999999998	2e-12	1.88296418	0.001988	1.5547897800000001	1.62216072	2e-12	2e-12	2e-12	0.5636589911120001
*14/*18	1.3151176199999999	2e-12	1.88296418	0.001988	0.0017634	1.62216072	2e-12	2e-12	2e-12	0.5359993244453334
*14/*2	0.30668238	2e-12	0.023869380000000003	0.001988	0.0070536	0.020713799999999997	2e-12	2e-12	2e-12	0.04003412888977778
*14/*3	0.01346094	2e-12	0.057635820000000004	2e-06	0.20861022	0.17903928	2e-12	2e-12	2e-12	0.05097202888977778
*14/*4	0.006162839999999999	2e-12	0.01397232	0.001988	0.10174818000000001	0.03368244	2e-12	2e-12	2e-12	0.01750597555644445
*14/*5	1.3151176199999999	2e-12	1.88296418	0.001988	1.5547897800000001	1.62216072	2e-12	2e-12	2e-12	0.7085578111120001
*14/*6	1.3151176199999999	2e-12	1.88296418	1.2e-05	1.5547897800000001	1.62216072	2e-12	2e-12	2e-12	0.7083382555564445
*14/*7	1.3151176199999999	2e-12	1.88296418	0.001988	1.5547897800000001	1.62216072	2e-12	2e-12	2e-12	0.7085578111120001
*14/*8	1.3151176199999999	2e-12	1.88296418	0.001988	1.5547897800000001	1.62216072	2e-12	2e-12	2e-12	0.7085578111120001
*14/*9	1.3151176199999999	2e-12	1.88296418	0.001988	1.5547897800000001	1.62216072	2e-12	2e-12	2e-12	0.7085578111120001
*15/*15	0.6575588099999999	1e-12	0.94148209	0.988036	0.00011881	8.409999999999999e-06	1e-12	1e-12	1e-12	0.2874671244448889
*15/*16	0.0024327	2e-12	0.00795646	1.976072	0.01922106	0.005223479999999999	2e-12	2e-12	2e-12	0.22343396666755563
*15/*17	0.011028239999999998	2e-12	1.88296418	1.976072	0.01922106	0.005223479999999999	2e-12	2e-12	2e-12	0.4327232177786668
*15/*18	1.3151176199999999	2e-12	1.88296418	1.976072	2.18e-05	0.005223479999999999	2e-12	2e-12	2e-12	0.5754887866675555
*15/*2	0.30668238	2e-12	0.023869380000000003	1.976072	8.72e-05	6.67e-05	2e-12	2e-12	2e-12	0.25630862888977785
*15/*3	0.01346094	2e-12	0.057635820000000004	0.001988	0.00257894	0.00057652	2e-12	2e-12	2e-12	0.008471135556444444
*15/*4	0.006162839999999999	2e-12	0.01397232	1.976072	0.00125786	0.00010846	2e-12	2e-12	2e-12	0.22195260888977777
*15/*5	1.3151176199999999	2e-12	1.88296418	1.976072	0.01922106	0.005223479999999999	2e-12	2e-12	2e-12	0.5776220377786667
*15/*6	1.3151176199999999	2e-12	1.88296418	0.011928	0.01922106	0.005223479999999999	2e-12	2e-12	2e-12	0.35938381555644455
*15/*7	1.3151176199999999	2e-12	1.88296418	1.976072	0.01922106	0.005223479999999999	2e-12	2e-12	2e-12	0.5776220377786667
*15/*8	1.3151176199999999	2e-12	1.88296418	1.976072	0.01922106	0.005223479999999999	2e-12	2e-12	2e-12	0.5776220377786667
*15/*9	1.3151176199999999	2e-12	1.88296418	1.976072	0.01922106	0.005223479999999999	2e-12	2e-12	2e-12	0.5776220377786667
*16/*16	2.25e-06	1e-12	1.6810000000000003e-05	0.988036	0.7773948900000001	0.81108036	1e-12	1e-12	1e-12	0.28628114555600004
*16/*17	2.0399999999999998e-05	2e-12	0.00795646	1.976072	1.5547897800000001	1.62216072	2e-12	2e-12	2e-12	0.5734443733342223
*16/*18	0.0024327	2e-12	0.00795646	1.976072	0.0017634	1.62216072	2e-12	2e-12	2e-12	0.40115392000088895
*16/*2	0.0005673	2e-12	0.00010086	1.976072	0.0070536	0.020713799999999997	2e-12	2e-12	2e-12	0.2227230622231112
*16/*3	2.4900000000000002e-05	2e-12	0.00024354000000000002	0.001988	0.20861022	0.17903928	2e-12	2e-12	2e-12	0.04332288222311112
*16/*4	1.1400000000000001e-05	2e-12	5.9040000000000004e-05	1.976072	0.10174818000000001	0.03368244	2e-12	2e-12	2e-12	0.23461922888977785
*16/*5	0.0024327	2e-12	0.00795646	1.976072	1.5547897800000001	1.62216072	2e-12	2e-12	2e-12	0.5737124066675556
*16/*6	0.0024327	2e-12	0.00795646	0.011928	1.5547897800000001	1.62216072	2e-12	2e-12	2e-12	0.3554741844453334
*16/*7	0.0024327	2e-12	0.00795646	1.976072	1.5547897800000001	1.62216072	2e-12	2e-12	2e-12	0.5737124066675556
*16/*8	0.0024327	2e-12	0.00795646	1.976072	1.5547897800000001	1.62216072	2e-12	2e-12	2e-12	0.5737124066675556
*16/*9	0.0024327	2e-12	0.00795646	1.976072	1.5547897800000001	1.62216072	2e-12	2e-12	2e-12	0.5737124066675556
*17/*17	4.624e-05	1e-12	0.94148209	0.988036	0.7773948900000001	0.81108036	1e-12	1e-12	1e-12	0.39089328666711115
*17/*18	0.011028239999999998	2e-12	1.88296418	1.976072	0.0017634	1.62216072	2e-12	2e-12	2e-12	0.6104431711120001
*17/*2	0.0025717599999999998	2e-12	0.023869380000000003	1.976072	0.0070536	0.020713799999999997	2e-12	2e-12	2e-12	0.2255867266675556
*17/*3	0.00011287999999999999	2e-12	0.057635820000000004	0.001988	0.20861022	0.17903928	2e-12	2e-12	2e-12	0.04970957777866667
*17/*4	5.168e-05	2e-12	0.01397232	1.976072	0.10174818000000001	0.03368244	2e-12	2e-12	2e-12	0.2361696244453334
*17/*5	0.011028239999999998	2e-12	1.88296418	1.976072	1.5547897800000001	1.62216072	2e-12	2e-12	2e-12	0.7830016577786668
*17/*6	0.011028239999999998	2e-12	1.88296418	0.011928	1.5547897800000001	1.62216072	2e-12	2e-12	2e-12	0.5647634355564446
*17/*7	0.011028239999999998	2e-12	1.88296418	1.976072	1.5547897800000001	1.62216072	2e-12	2e-12	2e-12	0.7830016577786668
*17/*8	0.011028239999999998	2e-12	1.88296418	1.976072	1.5547897800000001	1.62216072	2e-12	2e-12	2e-12	0.7830016577786668
*17/*9	0.011028239999999998	2e-12	1.88296418	1.976072	1.5547897800000001	1.62216072	2e-12	2e-12	2e-12	0.7830016577786668
*18/*18	0.6575588099999999	1e-12	0.94148209	0.988036	1e-06	0.81108036	1e-12	1e-12	1e-12	0.3775731400004445
*18/*2	0.30668238	2e-12	0.023869380000000003	1.976072	8e-06	0.020713799999999997	2e-12	2e-12	2e-12	0.258593951112
*18/*3	0.01346094	2e-12	0.057635820000000004	0.001988	0.0002366	0.17903928	2e-12	2e-12	2e-12	0.028040071112000003
*18/*4	0.006162839999999999	2e-12	0.01397232	1.976072	0.0001154	0.03368244	2e-12	2e-12	2e-12	0.22555611111200008
*18/*5	1.3151176199999999	2e-12	1.88296418	1.976072	0.0017634	1.62216072	2e-12	2e-12	2e-12	0.7553419911120001
*18/*6	1.3151176199999999	2e-12	1.88296418	0.011928	0.0017634	1.62216072	2e-12	2e-12	2e-12	0.5371037688897778
*18/*7	1.3151176199999999	2e-12	1.88296418	1.976072	0.0017634	1.62216072	2e-12	2e-12	2e-12	0.7553419911120001
*18/*8	1.3151176199999999	2e-12	1.88296418	1.976072	0.0017634	1.62216072	2e-12	2e-12	2e-12	0.7553419911120001
*18/*9	1.3151176199999999	2e-12	1.88296418	1.976072	0.0017634	1.62216072	2e-12	2e-12	2e-12	0.7553419911120001
*2/*2	0.035758809999999995	1e-12	0.00015129	0.988036	1.6e-05	0.00013225	1e-12	1e-12	1e-12	0.11378826111155559
*2/*3	0.00313906	2e-12	0.0007306200000000001	0.001988	0.0009464	0.0022862	2e-12	2e-12	2e-12	0.0010100311120000002
*2/*4	0.0014371599999999998	2e-12	0.00017711999999999998	1.976072	0.0004616	0.00043010000000000005	2e-12	2e-12	2e-12	0.21984199777866664
*2/*5	0.30668238	2e-12	0.023869380000000003	1.976072	0.0070536	0.020713799999999997	2e-12	2e-12	2e-12	0.2593767955564445
*2/*6	0.30668238	2e-12	0.023869380000000003	0.011928	0.0070536	0.020713799999999997	2e-12	2e-12	2e-12	0.041138573334222224
*2/*7	0.30668238	2e-12	0.023869380000000003	1.976072	0.0070536	0.020713799999999997	2e-12	2e-12	2e-12	0.2593767955564445
*2/*8	0.30668238	2e-12	0.023869380000000003	1.976072	0.0070536	0.020713799999999997	2e-12	2e-12	2e-12	0.2593767955564445
*2/*9	0.30668238	2e-12	0.023869380000000003	1.976072	0.0070536	0.020713799999999997	2e-12	2e-12	2e-12	0.2593767955564445
*3/*3	6.889e-05	1e-12	0.0008820900000000001	1e-06	0.013994890000000001	0.009880360000000001	1e-12	1e-12	1e-12	0.0027585811115555556
*3/*4	6.308e-05	2e-12	0.00042768	0.001988	0.01365182	0.0037175600000000004	2e-12	2e-12	2e-12	0.002205348889777778
*3/*5	0.01346094	2e-12	0.057635820000000004	0.001988	0.20861022	0.17903928	2e-12	2e-12	2e-12	0.05119269555644445
*3/*6	0.01346094	2e-12	0.057635820000000004	1.2e-05	0.20861022	0.17903928	2e-12	2e-12	2e-12	0.0509731400008889
*3/*7	0.01346094	2e-12	0.057635820000000004	0.001988	0.20861022	0.17903928	2e-12	2e-12	2e-12	0.05119269555644445
*3/*8	0.01346094	2e-12	0.057635820000000004	0.001988	0.20861022	0.17903928	2e-12	2e-12	2e-12	0.05119269555644445
*3/*9	0.01346094	2e-12	0.057635820000000004	0.001988	0.20861022	0.17903928	2e-12	2e-12	2e-12	0.05119269555644445
*4/*4	1.444e-05	1e-12	5.184e-05	0.988036	0.00332929	0.00034969000000000005	1e-12	1e-12	1e-12	0.11019791777822222
*4/*5	0.006162839999999999	2e-12	0.01397232	1.976072	0.10174818000000001	0.03368244	2e-12	2e-12	2e-12	0.2368486422231112
*4/*6	0.006162839999999999	2e-12	0.01397232	0.011928	0.10174818000000001	0.03368244	2e-12	2e-12	2e-12	0.018610420000888896
*4/*7	0.006162839999999999	2e-12	0.01397232	1.976072	0.10174818000000001	0.03368244	2e-12	2e-12	2e-12	0.2368486422231112
*4/*8	0.006162839999999999	2e-12	0.01397232	1.976072	0.10174818000000001	0.03368244	2e-12	2e-12	2e-12	0.2368486422231112
*4/*9	0.006162839999999999	2e-12	0.01397232	1.976072	0.10174818000000001	0.03368244	2e-12	2e-12	2e-12	0.2368486422231112
*5/*5	0.6575588099999999	1e-12	0.94148209	0.988036	0.7773948900000001	0.81108036	1e-12	1e-12	1e-12	0.46395023888933334
*5/*6	1.3151176199999999	2e-12	1.88296418	0.011928	1.5547897800000001	1.62216072	2e-12	2e-12	2e-12	0.7096622555564446
*5/*7	1.3151176199999999	2e-12	1.88296418	1.976072	1.5547897800000001	1.62216072	2e-12	2e-12	2e-12	0.9279004777786667
*5/*8	1.3151176199999999	2e-12	1.88296418	1.976072	1.5547897800000001	1.62216072	2e-12	2e-12	2e-12	0.9279004777786667
*5/*9	1.3151176199999999	2e-12	1.88296418	1.976072	1.5547897800000001	1.62216072	2e-12	2e-12	2e-12	0.9279004777786667
*6/*6	0.6575588099999999	1e-12	0.94148209	3.6e-05	0.7773948900000001	0.81108036	1e-12	1e-12	1e-12	0.3541724611115556
*6/*7	1.3151176199999999	2e-12	1.88296418	0.011928	1.5547897800000001	1.62216072	2e-12	2e-12	2e-12	0.7096622555564446
*6/*8	1.3151176199999999	2e-12	1.88296418	0.011928	1.5547897800000001	1.62216072	2e-12	2e-12	2e-12	0.7096622555564446
*6/*9	1.3151176199999999	2e-12	1.88296418	0.011928	1.5547897800000001	1.62216072	2e-12	2e-12	2e-12	0.7096622555564446
*7/*7	0.6575588099999999	1e-12	0.94148209	0.988036	0.7773948900000001	0.81108036	1e-12	1e-12	1e-12	0.46395023888933334
*7/*8	1.3151176199999999	2e-12	1.88296418	1.976072	1.5547897800000001	1.62216072	2e-12	2e-12	2e-12	0.9279004777786667
*7/*9	1.3151176199999999	2e-12	1.88296418	1.976072	1.5547897800000001	1.62216072	2e-12	2e-12	2e-12	0.9279004777786667
*8/*8	0.6575588099999999	1e-12	0.94148209	0.988036	0.7773948900000001	0.81108036	1e-12	1e-12	1e-12	0.46395023888933334
*8/*9	1.3151176199999999	2e-12	1.88296418	1.976072	1.5547897800000001	1.62216072	2e-12	2e-12	2e-12	0.9279004777786667
*9/*9	0.6575588099999999	1e-12	0.94148209	0.988036	0.7773948900000001	0.81108036	1e-12	1e-12	1e-12	0.46395023888933334
