	African_American_Afro_Caribbean	American	Central_South_Asian	East_Asian	European	Latino	Near_Eastern	Oceanian	Sub_Saharan_African	Global
*1/*1	0.36554116000000003	1e-12	0.10673289	0.06456681	0.005670090000000001	0.04092529	0.01852321	1e-12	0.35808256000000005	0.10667133444466666
*1/*3	0.38210720000000004	2e-12	0.43993422	0.37901556	0.13921464	0.30955946	0.22758641999999998	2e-12	0.28830912000000003	0.24063629111155554
*1/*6	0.13446304	2e-12	0.0	0.00035574	0.00022590000000000002	0.01501066	0.010370820000000001	2e-12	0.23122176000000003	0.04351643555600001
*1/*7	0.145104	2e-12	6.534e-07	0.0	0.0	0.010115	0.00106158	2e-12	0.10340352000000001	0.02885386148933334
*1/*8	1.2092e-06	2e-12	6.534e-07	5.082e-07	1.506e-07	4.046e-07	2.7219999999999996e-07	2e-12	1.1968000000000001e-06	4.883337777777778e-07
*1/*9	1.2092e-06	2e-12	6.534e-07	5.082e-07	1.506e-07	4.046e-07	2.7219999999999996e-07	2e-12	1.1968000000000001e-06	4.883337777777778e-07
*3/*3	0.099856	1e-12	0.45333289	0.5562176400000001	0.85451536	0.58537801	0.6990632099999999	1e-12	0.058032810000000004	0.36737732444466664
*3/*6	0.07027839999999999	2e-12	0.0	0.00104412	0.0027732	0.05677042	0.06371082	2e-12	0.09308376	0.03196230222266667
*3/*7	0.07584	2e-12	1.3466e-06	0.0	0.0	0.038255000000000004	0.006521579999999999	2e-12	0.04162752	0.018027271844888886
*3/*8	6.319999999999999e-07	2e-12	1.3466e-06	1.4916e-06	1.8488e-06	1.5302e-06	1.6721999999999998e-06	2e-12	4.818e-07	1.000356e-06
*3/*9	6.319999999999999e-07	2e-12	1.3466e-06	1.4916e-06	1.8488e-06	1.5302e-06	1.6721999999999998e-06	2e-12	4.818e-07	1.000356e-06
*6/*6	0.012365439999999998	1e-12	0.0	4.9e-07	2.25e-06	0.00137641	0.00145161	1e-12	0.037326240000000004	0.005835826666888889
*6/*7	0.026687999999999996	2e-12	0.0	0.0	0.0	0.001855	0.00029718	2e-12	0.033384960000000005	0.00691390444488889
*6/*8	2.2239999999999998e-07	2e-12	0.0	1.4e-09	3e-09	7.42e-08	7.62e-08	2e-12	3.864e-07	8.484488888888889e-08
*6/*9	2.2239999999999998e-07	2e-12	0.0	1.4e-09	3e-09	7.42e-08	7.62e-08	2e-12	3.864e-07	8.484488888888889e-08
*7/*7	0.0144	1e-12	1e-12	0.0	0.0	0.0006250000000000001	1.5209999999999998e-05	1e-12	0.0074649600000000005	0.0025005744447777777
*7/*8	2.4e-07	2e-12	2e-12	0.0	0.0	5e-08	7.799999999999999e-09	2e-12	1.728e-07	5.228955555555556e-08
*7/*9	2.4e-07	2e-12	2e-12	0.0	0.0	5e-08	7.799999999999999e-09	2e-12	1.728e-07	5.228955555555556e-08
*8/*8	1e-12	1e-12	1e-12	1e-12	1e-12	1e-12	1e-12	1e-12	1e-12	1e-12
*8/*9	2e-12	2e-12	2e-12	2e-12	2e-12	2e-12	2e-12	2e-12	2e-12	2e-12
*9/*9	1e-12	1e-12	1e-12	1e-12	1e-12	1e-12	1e-12	1e-12	1e-12	1e-12
