	African_American_Afro_Caribbean	American	Central_South_Asian	East_Asian	European	Latino	Near_Eastern	Oceanian	Sub_Saharan_African	Global
*1/*1	0.022440039999999998	1e-12	0.0015920099999999998	1.6e-05	0.0007728399999999999	0.01106704	1e-12	1e-12	1e-12	0.003987547778222221
*1/*10	0.044880079999999996	2e-12	0.00024737999999999995	3.2e-05	0.000278	0.00029456	2e-12	2e-12	2e-12	0.005081335556444442
*1/*11	0.00023967999999999998	2e-12	0.0031840199999999996	3.2e-05	5.5599999999999996e-05	0.02213408	2e-12	2e-12	2e-12	0.002849486667555556
*1/*12	0.0011384799999999999	2e-12	0.0031840199999999996	3.2e-05	0.0015456799999999998	0.00029456	2e-12	2e-12	2e-12	0.0006883044453333332
*1/*13	0.044880079999999996	2e-12	0.0031840199999999996	3.2e-05	0.0015456799999999998	0.02213408	2e-12	2e-12	2e-12	0.007975095556444442
*1/*14	0.044880079999999996	2e-12	0.0031840199999999996	3.2e-05	0.0015456799999999998	0.02213408	2e-12	2e-12	2e-12	0.007975095556444442
*1/*15	0.0052130399999999995	2e-12	0.0031840199999999996	3.2e-05	5.5599999999999996e-05	0.00061016	2e-12	2e-12	2e-12	0.0010105355564444447
*1/*16	0.044880079999999996	2e-12	0.0031840199999999996	3.2e-05	0.0015456799999999998	0.02213408	2e-12	2e-12	2e-12	0.007975095556444442
*1/*17	0.044880079999999996	2e-12	0.0031840199999999996	3.2e-05	0.0015456799999999998	0.02213408	2e-12	2e-12	2e-12	0.007975095556444442
*1/*18	0.044880079999999996	2e-12	0.0031840199999999996	3.2e-05	0.0015456799999999998	0.02213408	2e-12	2e-12	2e-12	0.007975095556444442
*1/*19	0.044880079999999996	2e-12	0.0001596	3.2e-05	0.0015456799999999998	0.02213408	2e-12	2e-12	2e-12	0.0076390488897777765
*1/*1G	0.07025619999999999	2e-12	0.029621759999999997	0.0021432	0.0045314	0.08277136	2e-12	2e-12	2e-12	0.021035991112000003
*1/*2	0.044880079999999996	2e-12	0.0031840199999999996	3.2e-05	0.00011119999999999999	0.02213408	2e-12	2e-12	2e-12	0.007815708889777777
*1/*20	0.044880079999999996	2e-12	0.0031840199999999996	3.2e-05	0.0015456799999999998	0.02213408	2e-12	2e-12	2e-12	0.007975095556444442
*1/*21	0.044880079999999996	2e-12	0.0031840199999999996	8e-06	0.0015456799999999998	0.02213408	2e-12	2e-12	2e-12	0.007972428889777776
*1/*22	0.00023967999999999998	2e-12	0.00048678	3.2e-05	0.0015456799999999998	0.00544936	2e-12	2e-12	2e-12	0.0008615000008888889
*1/*23	0.0013481999999999997	2e-12	0.0031840199999999996	3.2e-05	0.0015456799999999998	0.02213408	2e-12	2e-12	2e-12	0.003138220000888889
*1/*24	0.044880079999999996	2e-12	0.0031840199999999996	3.2e-05	0.0015456799999999998	0.02213408	2e-12	2e-12	2e-12	0.007975095556444442
*1/*26	0.044880079999999996	2e-12	0.0031840199999999996	3.2e-05	0.0015456799999999998	0.02213408	2e-12	2e-12	2e-12	0.007975095556444442
*1/*28	0.044880079999999996	2e-12	0.0031840199999999996	3.2e-05	0.0015456799999999998	0.02213408	2e-12	2e-12	2e-12	0.007975095556444442
*1/*29	0.044880079999999996	2e-12	0.0031840199999999996	3.2e-05	0.0015456799999999998	0.02213408	2e-12	2e-12	2e-12	0.007975095556444442
*1/*3	0.00023967999999999998	2e-12	0.0031840199999999996	3.2e-05	0.0003892	0.00151488	2e-12	2e-12	2e-12	0.0005955311119999999
*1/*30	0.044880079999999996	2e-12	0.0031840199999999996	3.2e-05	0.0015456799999999998	0.02213408	2e-12	2e-12	2e-12	0.007975095556444442
*1/*31	0.044880079999999996	2e-12	0.0031840199999999996	3.2e-05	0.0015456799999999998	0.02213408	2e-12	2e-12	2e-12	0.007975095556444442
*1/*32	0.044880079999999996	2e-12	0.0031840199999999996	3.2e-05	0.0015456799999999998	0.02213408	2e-12	2e-12	2e-12	0.007975095556444442
*1/*33	0.044880079999999996	2e-12	0.0031840199999999996	3.2e-05	0.0015456799999999998	0.02213408	2e-12	2e-12	2e-12	0.007975095556444442
*1/*34	0.044880079999999996	2e-12	0.0031840199999999996	3.2e-05	0.0015456799999999998	0.02213408	2e-12	2e-12	2e-12	0.007975095556444442
*1/*35	0.044880079999999996	2e-12	0.0031840199999999996	3.2e-05	5.5599999999999996e-05	0.02213408	2e-12	2e-12	2e-12	0.007809531111999999
*1/*4	0.044880079999999996	2e-12	0.0031840199999999996	3.2e-05	0.0015456799999999998	0.02213408	2e-12	2e-12	2e-12	0.007975095556444442
*1/*5	0.044880079999999996	2e-12	0.0031840199999999996	1.6e-05	0.0015456799999999998	0.02213408	2e-12	2e-12	2e-12	0.007973317778666665
*1/*6	0.044880079999999996	2e-12	0.0031840199999999996	3.2e-05	0.0015456799999999998	0.02213408	2e-12	2e-12	2e-12	0.007975095556444442
*1/*7	0.044880079999999996	2e-12	0.0031840199999999996	3.2e-05	0.00011119999999999999	0.02213408	2e-12	2e-12	2e-12	0.007815708889777777
*1/*8	0.044880079999999996	2e-12	0.0031840199999999996	3.2e-05	5.5599999999999996e-05	0.02213408	2e-12	2e-12	2e-12	0.007809531111999999
*1/*9	0.044880079999999996	2e-12	0.0031840199999999996	3.2e-05	0.0015456799999999998	0.00029456	2e-12	2e-12	2e-12	0.00554848222311111
*10/*10	0.022440039999999998	1e-12	9.61e-06	1.6e-05	2.5e-05	1.96e-06	1e-12	1e-12	1e-12	0.002499178889333332
*10/*11	0.00023967999999999998	2e-12	0.00024737999999999995	3.2e-05	1e-05	0.00029456	2e-12	2e-12	2e-12	9.151333422222221e-05
*10/*12	0.0011384799999999999	2e-12	0.00024737999999999995	3.2e-05	0.000278	3.92e-06	2e-12	2e-12	2e-12	0.0001888644453333333
*10/*13	0.044880079999999996	2e-12	0.00024737999999999995	3.2e-05	0.000278	0.00029456	2e-12	2e-12	2e-12	0.005081335556444442
*10/*14	0.044880079999999996	2e-12	0.00024737999999999995	3.2e-05	0.000278	0.00029456	2e-12	2e-12	2e-12	0.005081335556444442
*10/*15	0.0052130399999999995	2e-12	0.00024737999999999995	3.2e-05	1e-05	8.12e-06	2e-12	2e-12	2e-12	0.0006122822231111111
*10/*16	0.044880079999999996	2e-12	0.00024737999999999995	3.2e-05	0.000278	0.00029456	2e-12	2e-12	2e-12	0.005081335556444442
*10/*17	0.044880079999999996	2e-12	0.00024737999999999995	3.2e-05	0.000278	0.00029456	2e-12	2e-12	2e-12	0.005081335556444442
*10/*18	0.044880079999999996	2e-12	0.00024737999999999995	3.2e-05	0.000278	0.00029456	2e-12	2e-12	2e-12	0.005081335556444442
*10/*19	0.044880079999999996	2e-12	1.24e-05	3.2e-05	0.000278	0.00029456	2e-12	2e-12	2e-12	0.005055226667555554
*10/*1G	0.07025619999999999	2e-12	0.0023014399999999996	0.0021432	0.0008150000000000001	0.0011015200000000001	2e-12	2e-12	2e-12	0.008513040000888886
*10/*2	0.044880079999999996	2e-12	0.00024737999999999995	3.2e-05	2e-05	0.00029456	2e-12	2e-12	2e-12	0.0050526688897777755
*10/*20	0.044880079999999996	2e-12	0.00024737999999999995	3.2e-05	0.000278	0.00029456	2e-12	2e-12	2e-12	0.005081335556444442
*10/*21	0.044880079999999996	2e-12	0.00024737999999999995	8e-06	0.000278	0.00029456	2e-12	2e-12	2e-12	0.005078668889777776
*10/*22	0.00023967999999999998	2e-12	3.782e-05	3.2e-05	0.000278	7.252e-05	2e-12	2e-12	2e-12	7.333555644444442e-05
*10/*23	0.0013481999999999997	2e-12	0.00024737999999999995	3.2e-05	0.000278	0.00029456	2e-12	2e-12	2e-12	0.00024446000088888884
*10/*24	0.044880079999999996	2e-12	0.00024737999999999995	3.2e-05	0.000278	0.00029456	2e-12	2e-12	2e-12	0.005081335556444442
*10/*26	0.044880079999999996	2e-12	0.00024737999999999995	3.2e-05	0.000278	0.00029456	2e-12	2e-12	2e-12	0.005081335556444442
*10/*28	0.044880079999999996	2e-12	0.00024737999999999995	3.2e-05	0.000278	0.00029456	2e-12	2e-12	2e-12	0.005081335556444442
*10/*29	0.044880079999999996	2e-12	0.00024737999999999995	3.2e-05	0.000278	0.00029456	2e-12	2e-12	2e-12	0.005081335556444442
*10/*3	0.00023967999999999998	2e-12	0.00024737999999999995	3.2e-05	7.000000000000001e-05	2.016e-05	2e-12	2e-12	2e-12	6.769111199999997e-05
*10/*30	0.044880079999999996	2e-12	0.00024737999999999995	3.2e-05	0.000278	0.00029456	2e-12	2e-12	2e-12	0.005081335556444442
*10/*31	0.044880079999999996	2e-12	0.00024737999999999995	3.2e-05	0.000278	0.00029456	2e-12	2e-12	2e-12	0.005081335556444442
*10/*32	0.044880079999999996	2e-12	0.00024737999999999995	3.2e-05	0.000278	0.00029456	2e-12	2e-12	2e-12	0.005081335556444442
*10/*33	0.044880079999999996	2e-12	0.00024737999999999995	3.2e-05	0.000278	0.00029456	2e-12	2e-12	2e-12	0.005081335556444442
*10/*34	0.044880079999999996	2e-12	0.00024737999999999995	3.2e-05	0.000278	0.00029456	2e-12	2e-12	2e-12	0.005081335556444442
*10/*35	0.044880079999999996	2e-12	0.00024737999999999995	3.2e-05	1e-05	0.00029456	2e-12	2e-12	2e-12	0.005051557778666665
*10/*4	0.044880079999999996	2e-12	0.00024737999999999995	3.2e-05	0.000278	0.00029456	2e-12	2e-12	2e-12	0.005081335556444442
*10/*5	0.044880079999999996	2e-12	0.00024737999999999995	1.6e-05	0.000278	0.00029456	2e-12	2e-12	2e-12	0.005079557778666665
*10/*6	0.044880079999999996	2e-12	0.00024737999999999995	3.2e-05	0.000278	0.00029456	2e-12	2e-12	2e-12	0.005081335556444442
*10/*7	0.044880079999999996	2e-12	0.00024737999999999995	3.2e-05	2e-05	0.00029456	2e-12	2e-12	2e-12	0.0050526688897777755
*10/*8	0.044880079999999996	2e-12	0.00024737999999999995	3.2e-05	1e-05	0.00029456	2e-12	2e-12	2e-12	0.005051557778666665
*10/*9	0.044880079999999996	2e-12	0.00024737999999999995	3.2e-05	0.000278	3.92e-06	2e-12	2e-12	2e-12	0.005049042223111109
*11/*11	6.4e-07	1e-12	0.0015920099999999998	1.6e-05	1e-06	0.01106704	1e-12	1e-12	1e-12	0.0014085211115555556
*11/*12	6.08e-06	2e-12	0.0031840199999999996	3.2e-05	5.5599999999999996e-05	0.00029456	2e-12	2e-12	2e-12	0.0003969177786666666
*11/*13	0.00023967999999999998	2e-12	0.0031840199999999996	3.2e-05	5.5599999999999996e-05	0.02213408	2e-12	2e-12	2e-12	0.002849486667555556
*11/*14	0.00023967999999999998	2e-12	0.0031840199999999996	3.2e-05	5.5599999999999996e-05	0.02213408	2e-12	2e-12	2e-12	0.002849486667555556
*11/*15	2.7839999999999998e-05	2e-12	0.0031840199999999996	3.2e-05	2e-06	0.00061016	2e-12	2e-12	2e-12	0.00042844666755555545
*11/*16	0.00023967999999999998	2e-12	0.0031840199999999996	3.2e-05	5.5599999999999996e-05	0.02213408	2e-12	2e-12	2e-12	0.002849486667555556
*11/*17	0.00023967999999999998	2e-12	0.0031840199999999996	3.2e-05	5.5599999999999996e-05	0.02213408	2e-12	2e-12	2e-12	0.002849486667555556
*11/*18	0.00023967999999999998	2e-12	0.0031840199999999996	3.2e-05	5.5599999999999996e-05	0.02213408	2e-12	2e-12	2e-12	0.002849486667555556
*11/*19	0.00023967999999999998	2e-12	0.0001596	3.2e-05	5.5599999999999996e-05	0.02213408	2e-12	2e-12	2e-12	0.0025134400008888893
*11/*1G	0.0003752	2e-12	0.029621759999999997	0.0021432	0.000163	0.08277136	2e-12	2e-12	2e-12	0.012786057778666666
*11/*2	0.00023967999999999998	2e-12	0.0031840199999999996	3.2e-05	4e-06	0.02213408	2e-12	2e-12	2e-12	0.0028437533342222225
*11/*20	0.00023967999999999998	2e-12	0.0031840199999999996	3.2e-05	5.5599999999999996e-05	0.02213408	2e-12	2e-12	2e-12	0.002849486667555556
*11/*21	0.00023967999999999998	2e-12	0.0031840199999999996	8e-06	5.5599999999999996e-05	0.02213408	2e-12	2e-12	2e-12	0.002846820000888889
*11/*22	1.28e-06	2e-12	0.00048678	3.2e-05	5.5599999999999996e-05	0.00544936	2e-12	2e-12	2e-12	0.0006694466675555555
*11/*23	7.2e-06	2e-12	0.0031840199999999996	3.2e-05	5.5599999999999996e-05	0.02213408	2e-12	2e-12	2e-12	0.0028236555564444448
*11/*24	0.00023967999999999998	2e-12	0.0031840199999999996	3.2e-05	5.5599999999999996e-05	0.02213408	2e-12	2e-12	2e-12	0.002849486667555556
*11/*26	0.00023967999999999998	2e-12	0.0031840199999999996	3.2e-05	5.5599999999999996e-05	0.02213408	2e-12	2e-12	2e-12	0.002849486667555556
*11/*28	0.00023967999999999998	2e-12	0.0031840199999999996	3.2e-05	5.5599999999999996e-05	0.02213408	2e-12	2e-12	2e-12	0.002849486667555556
*11/*29	0.00023967999999999998	2e-12	0.0031840199999999996	3.2e-05	5.5599999999999996e-05	0.02213408	2e-12	2e-12	2e-12	0.002849486667555556
*11/*3	1.28e-06	2e-12	0.0031840199999999996	3.2e-05	1.4e-05	0.00151488	2e-12	2e-12	2e-12	0.0005273533342222222
*11/*30	0.00023967999999999998	2e-12	0.0031840199999999996	3.2e-05	5.5599999999999996e-05	0.02213408	2e-12	2e-12	2e-12	0.002849486667555556
*11/*31	0.00023967999999999998	2e-12	0.0031840199999999996	3.2e-05	5.5599999999999996e-05	0.02213408	2e-12	2e-12	2e-12	0.002849486667555556
*11/*32	0.00023967999999999998	2e-12	0.0031840199999999996	3.2e-05	5.5599999999999996e-05	0.02213408	2e-12	2e-12	2e-12	0.002849486667555556
*11/*33	0.00023967999999999998	2e-12	0.0031840199999999996	3.2e-05	5.5599999999999996e-05	0.02213408	2e-12	2e-12	2e-12	0.002849486667555556
*11/*34	0.00023967999999999998	2e-12	0.0031840199999999996	3.2e-05	5.5599999999999996e-05	0.02213408	2e-12	2e-12	2e-12	0.002849486667555556
*11/*35	0.00023967999999999998	2e-12	0.0031840199999999996	3.2e-05	2e-06	0.02213408	2e-12	2e-12	2e-12	0.0028435311120000003
*11/*4	0.00023967999999999998	2e-12	0.0031840199999999996	3.2e-05	5.5599999999999996e-05	0.02213408	2e-12	2e-12	2e-12	0.002849486667555556
*11/*5	0.00023967999999999998	2e-12	0.0031840199999999996	1.6e-05	5.5599999999999996e-05	0.02213408	2e-12	2e-12	2e-12	0.0028477088897777784
*11/*6	0.00023967999999999998	2e-12	0.0031840199999999996	3.2e-05	5.5599999999999996e-05	0.02213408	2e-12	2e-12	2e-12	0.002849486667555556
*11/*7	0.00023967999999999998	2e-12	0.0031840199999999996	3.2e-05	4e-06	0.02213408	2e-12	2e-12	2e-12	0.0028437533342222225
*11/*8	0.00023967999999999998	2e-12	0.0031840199999999996	3.2e-05	2e-06	0.02213408	2e-12	2e-12	2e-12	0.0028435311120000003
*11/*9	0.00023967999999999998	2e-12	0.0031840199999999996	3.2e-05	5.5599999999999996e-05	0.00029456	2e-12	2e-12	2e-12	0.00042287333422222215
*12/*12	1.444e-05	1e-12	0.0015920099999999998	1.6e-05	0.0007728399999999999	1.96e-06	1e-12	1e-12	1e-12	0.0002663611115555555
*12/*13	0.0011384799999999999	2e-12	0.0031840199999999996	3.2e-05	0.0015456799999999998	0.00029456	2e-12	2e-12	2e-12	0.0006883044453333332
*12/*14	0.0011384799999999999	2e-12	0.0031840199999999996	3.2e-05	0.0015456799999999998	0.00029456	2e-12	2e-12	2e-12	0.0006883044453333332
*12/*15	0.00013224	2e-12	0.0031840199999999996	3.2e-05	5.5599999999999996e-05	8.12e-06	2e-12	2e-12	2e-12	0.0003791088897777777
*12/*16	0.0011384799999999999	2e-12	0.0031840199999999996	3.2e-05	0.0015456799999999998	0.00029456	2e-12	2e-12	2e-12	0.0006883044453333332
*12/*17	0.0011384799999999999	2e-12	0.0031840199999999996	3.2e-05	0.0015456799999999998	0.00029456	2e-12	2e-12	2e-12	0.0006883044453333332
*12/*18	0.0011384799999999999	2e-12	0.0031840199999999996	3.2e-05	0.0015456799999999998	0.00029456	2e-12	2e-12	2e-12	0.0006883044453333332
*12/*19	0.0011384799999999999	2e-12	0.0001596	3.2e-05	0.0015456799999999998	0.00029456	2e-12	2e-12	2e-12	0.00035225777866666665
*12/*1G	0.0017821999999999998	2e-12	0.029621759999999997	0.0021432	0.0045314	0.0011015200000000001	2e-12	2e-12	2e-12	0.00435334222311111
*12/*2	0.0011384799999999999	2e-12	0.0031840199999999996	3.2e-05	0.00011119999999999999	0.00029456	2e-12	2e-12	2e-12	0.0005289177786666666
*12/*20	0.0011384799999999999	2e-12	0.0031840199999999996	3.2e-05	0.0015456799999999998	0.00029456	2e-12	2e-12	2e-12	0.0006883044453333332
*12/*21	0.0011384799999999999	2e-12	0.0031840199999999996	8e-06	0.0015456799999999998	0.00029456	2e-12	2e-12	2e-12	0.0006856377786666665
*12/*22	6.08e-06	2e-12	0.00048678	3.2e-05	0.0015456799999999998	7.252e-05	2e-12	2e-12	2e-12	0.00023811777866666667
*12/*23	3.42e-05	2e-12	0.0031840199999999996	3.2e-05	0.0015456799999999998	0.00029456	2e-12	2e-12	2e-12	0.0005656066675555555
*12/*24	0.0011384799999999999	2e-12	0.0031840199999999996	3.2e-05	0.0015456799999999998	0.00029456	2e-12	2e-12	2e-12	0.0006883044453333332
*12/*26	0.0011384799999999999	2e-12	0.0031840199999999996	3.2e-05	0.0015456799999999998	0.00029456	2e-12	2e-12	2e-12	0.0006883044453333332
*12/*28	0.0011384799999999999	2e-12	0.0031840199999999996	3.2e-05	0.0015456799999999998	0.00029456	2e-12	2e-12	2e-12	0.0006883044453333332
*12/*29	0.0011384799999999999	2e-12	0.0031840199999999996	3.2e-05	0.0015456799999999998	0.00029456	2e-12	2e-12	2e-12	0.0006883044453333332
*12/*3	6.08e-06	2e-12	0.0031840199999999996	3.2e-05	0.0003892	2.016e-05	2e-12	2e-12	2e-12	0.00040349555644444437
*12/*30	0.0011384799999999999	2e-12	0.0031840199999999996	3.2e-05	0.0015456799999999998	0.00029456	2e-12	2e-12	2e-12	0.0006883044453333332
*12/*31	0.0011384799999999999	2e-12	0.0031840199999999996	3.2e-05	0.0015456799999999998	0.00029456	2e-12	2e-12	2e-12	0.0006883044453333332
*12/*32	0.0011384799999999999	2e-12	0.0031840199999999996	3.2e-05	0.0015456799999999998	0.00029456	2e-12	2e-12	2e-12	0.0006883044453333332
*12/*33	0.0011384799999999999	2e-12	0.0031840199999999996	3.2e-05	0.0015456799999999998	0.00029456	2e-12	2e-12	2e-12	0.0006883044453333332
*12/*34	0.0011384799999999999	2e-12	0.0031840199999999996	3.2e-05	0.0015456799999999998	0.00029456	2e-12	2e-12	2e-12	0.0006883044453333332
*12/*35	0.0011384799999999999	2e-12	0.0031840199999999996	3.2e-05	5.5599999999999996e-05	0.00029456	2e-12	2e-12	2e-12	0.0005227400008888888
*12/*4	0.0011384799999999999	2e-12	0.0031840199999999996	3.2e-05	0.0015456799999999998	0.00029456	2e-12	2e-12	2e-12	0.0006883044453333332
*12/*5	0.0011384799999999999	2e-12	0.0031840199999999996	1.6e-05	0.0015456799999999998	0.00029456	2e-12	2e-12	2e-12	0.0006865266675555554
*12/*6	0.0011384799999999999	2e-12	0.0031840199999999996	3.2e-05	0.0015456799999999998	0.00029456	2e-12	2e-12	2e-12	0.0006883044453333332
*12/*7	0.0011384799999999999	2e-12	0.0031840199999999996	3.2e-05	0.00011119999999999999	0.00029456	2e-12	2e-12	2e-12	0.0005289177786666666
*12/*8	0.0011384799999999999	2e-12	0.0031840199999999996	3.2e-05	5.5599999999999996e-05	0.00029456	2e-12	2e-12	2e-12	0.0005227400008888888
*12/*9	0.0011384799999999999	2e-12	0.0031840199999999996	3.2e-05	0.0015456799999999998	3.92e-06	2e-12	2e-12	2e-12	0.0006560111119999998
*13/*13	0.022440039999999998	1e-12	0.0015920099999999998	1.6e-05	0.0007728399999999999	0.01106704	1e-12	1e-12	1e-12	0.003987547778222221
*13/*14	0.044880079999999996	2e-12	0.0031840199999999996	3.2e-05	0.0015456799999999998	0.02213408	2e-12	2e-12	2e-12	0.007975095556444442
*13/*15	0.0052130399999999995	2e-12	0.0031840199999999996	3.2e-05	5.5599999999999996e-05	0.00061016	2e-12	2e-12	2e-12	0.0010105355564444447
*13/*16	0.044880079999999996	2e-12	0.0031840199999999996	3.2e-05	0.0015456799999999998	0.02213408	2e-12	2e-12	2e-12	0.007975095556444442
*13/*17	0.044880079999999996	2e-12	0.0031840199999999996	3.2e-05	0.0015456799999999998	0.02213408	2e-12	2e-12	2e-12	0.007975095556444442
*13/*18	0.044880079999999996	2e-12	0.0031840199999999996	3.2e-05	0.0015456799999999998	0.02213408	2e-12	2e-12	2e-12	0.007975095556444442
*13/*19	0.044880079999999996	2e-12	0.0001596	3.2e-05	0.0015456799999999998	0.02213408	2e-12	2e-12	2e-12	0.0076390488897777765
*13/*1G	0.07025619999999999	2e-12	0.029621759999999997	0.0021432	0.0045314	0.08277136	2e-12	2e-12	2e-12	0.021035991112000003
*13/*2	0.044880079999999996	2e-12	0.0031840199999999996	3.2e-05	0.00011119999999999999	0.02213408	2e-12	2e-12	2e-12	0.007815708889777777
*13/*20	0.044880079999999996	2e-12	0.0031840199999999996	3.2e-05	0.0015456799999999998	0.02213408	2e-12	2e-12	2e-12	0.007975095556444442
*13/*21	0.044880079999999996	2e-12	0.0031840199999999996	8e-06	0.0015456799999999998	0.02213408	2e-12	2e-12	2e-12	0.007972428889777776
*13/*22	0.00023967999999999998	2e-12	0.00048678	3.2e-05	0.0015456799999999998	0.00544936	2e-12	2e-12	2e-12	0.0008615000008888889
*13/*23	0.0013481999999999997	2e-12	0.0031840199999999996	3.2e-05	0.0015456799999999998	0.02213408	2e-12	2e-12	2e-12	0.003138220000888889
*13/*24	0.044880079999999996	2e-12	0.0031840199999999996	3.2e-05	0.0015456799999999998	0.02213408	2e-12	2e-12	2e-12	0.007975095556444442
*13/*26	0.044880079999999996	2e-12	0.0031840199999999996	3.2e-05	0.0015456799999999998	0.02213408	2e-12	2e-12	2e-12	0.007975095556444442
*13/*28	0.044880079999999996	2e-12	0.0031840199999999996	3.2e-05	0.0015456799999999998	0.02213408	2e-12	2e-12	2e-12	0.007975095556444442
*13/*29	0.044880079999999996	2e-12	0.0031840199999999996	3.2e-05	0.0015456799999999998	0.02213408	2e-12	2e-12	2e-12	0.007975095556444442
*13/*3	0.00023967999999999998	2e-12	0.0031840199999999996	3.2e-05	0.0003892	0.00151488	2e-12	2e-12	2e-12	0.0005955311119999999
*13/*30	0.044880079999999996	2e-12	0.0031840199999999996	3.2e-05	0.0015456799999999998	0.02213408	2e-12	2e-12	2e-12	0.007975095556444442
*13/*31	0.044880079999999996	2e-12	0.0031840199999999996	3.2e-05	0.0015456799999999998	0.02213408	2e-12	2e-12	2e-12	0.007975095556444442
*13/*32	0.044880079999999996	2e-12	0.0031840199999999996	3.2e-05	0.0015456799999999998	0.02213408	2e-12	2e-12	2e-12	0.007975095556444442
*13/*33	0.044880079999999996	2e-12	0.0031840199999999996	3.2e-05	0.0015456799999999998	0.02213408	2e-12	2e-12	2e-12	0.007975095556444442
*13/*34	0.044880079999999996	2e-12	0.0031840199999999996	3.2e-05	0.0015456799999999998	0.02213408	2e-12	2e-12	2e-12	0.007975095556444442
*13/*35	0.044880079999999996	2e-12	0.0031840199999999996	3.2e-05	5.5599999999999996e-05	0.02213408	2e-12	2e-12	2e-12	0.007809531111999999
*13/*4	0.044880079999999996	2e-12	0.0031840199999999996	3.2e-05	0.0015456799999999998	0.02213408	2e-12	2e-12	2e-12	0.007975095556444442
*13/*5	0.044880079999999996	2e-12	0.0031840199999999996	1.6e-05	0.0015456799999999998	0.02213408	2e-12	2e-12	2e-12	0.007973317778666665
*13/*6	0.044880079999999996	2e-12	0.0031840199999999996	3.2e-05	0.0015456799999999998	0.02213408	2e-12	2e-12	2e-12	0.007975095556444442
*13/*7	0.044880079999999996	2e-12	0.0031840199999999996	3.2e-05	0.00011119999999999999	0.02213408	2e-12	2e-12	2e-12	0.007815708889777777
*13/*8	0.044880079999999996	2e-12	0.0031840199999999996	3.2e-05	5.5599999999999996e-05	0.02213408	2e-12	2e-12	2e-12	0.007809531111999999
*13/*9	0.044880079999999996	2e-12	0.0031840199999999996	3.2e-05	0.0015456799999999998	0.00029456	2e-12	2e-12	2e-12	0.00554848222311111
*14/*14	0.022440039999999998	1e-12	0.0015920099999999998	1.6e-05	0.0007728399999999999	0.01106704	1e-12	1e-12	1e-12	0.003987547778222221
*14/*15	0.0052130399999999995	2e-12	0.0031840199999999996	3.2e-05	5.5599999999999996e-05	0.00061016	2e-12	2e-12	2e-12	0.0010105355564444447
*14/*16	0.044880079999999996	2e-12	0.0031840199999999996	3.2e-05	0.0015456799999999998	0.02213408	2e-12	2e-12	2e-12	0.007975095556444442
*14/*17	0.044880079999999996	2e-12	0.0031840199999999996	3.2e-05	0.0015456799999999998	0.02213408	2e-12	2e-12	2e-12	0.007975095556444442
*14/*18	0.044880079999999996	2e-12	0.0031840199999999996	3.2e-05	0.0015456799999999998	0.02213408	2e-12	2e-12	2e-12	0.007975095556444442
*14/*19	0.044880079999999996	2e-12	0.0001596	3.2e-05	0.0015456799999999998	0.02213408	2e-12	2e-12	2e-12	0.0076390488897777765
*14/*1G	0.07025619999999999	2e-12	0.029621759999999997	0.0021432	0.0045314	0.08277136	2e-12	2e-12	2e-12	0.021035991112000003
*14/*2	0.044880079999999996	2e-12	0.0031840199999999996	3.2e-05	0.00011119999999999999	0.02213408	2e-12	2e-12	2e-12	0.007815708889777777
*14/*20	0.044880079999999996	2e-12	0.0031840199999999996	3.2e-05	0.0015456799999999998	0.02213408	2e-12	2e-12	2e-12	0.007975095556444442
*14/*21	0.044880079999999996	2e-12	0.0031840199999999996	8e-06	0.0015456799999999998	0.02213408	2e-12	2e-12	2e-12	0.007972428889777776
*14/*22	0.00023967999999999998	2e-12	0.00048678	3.2e-05	0.0015456799999999998	0.00544936	2e-12	2e-12	2e-12	0.0008615000008888889
*14/*23	0.0013481999999999997	2e-12	0.0031840199999999996	3.2e-05	0.0015456799999999998	0.02213408	2e-12	2e-12	2e-12	0.003138220000888889
*14/*24	0.044880079999999996	2e-12	0.0031840199999999996	3.2e-05	0.0015456799999999998	0.02213408	2e-12	2e-12	2e-12	0.007975095556444442
*14/*26	0.044880079999999996	2e-12	0.0031840199999999996	3.2e-05	0.0015456799999999998	0.02213408	2e-12	2e-12	2e-12	0.007975095556444442
*14/*28	0.044880079999999996	2e-12	0.0031840199999999996	3.2e-05	0.0015456799999999998	0.02213408	2e-12	2e-12	2e-12	0.007975095556444442
*14/*29	0.044880079999999996	2e-12	0.0031840199999999996	3.2e-05	0.0015456799999999998	0.02213408	2e-12	2e-12	2e-12	0.007975095556444442
*14/*3	0.00023967999999999998	2e-12	0.0031840199999999996	3.2e-05	0.0003892	0.00151488	2e-12	2e-12	2e-12	0.0005955311119999999
*14/*30	0.044880079999999996	2e-12	0.0031840199999999996	3.2e-05	0.0015456799999999998	0.02213408	2e-12	2e-12	2e-12	0.007975095556444442
*14/*31	0.044880079999999996	2e-12	0.0031840199999999996	3.2e-05	0.0015456799999999998	0.02213408	2e-12	2e-12	2e-12	0.007975095556444442
*14/*32	0.044880079999999996	2e-12	0.0031840199999999996	3.2e-05	0.0015456799999999998	0.02213408	2e-12	2e-12	2e-12	0.007975095556444442
*14/*33	0.044880079999999996	2e-12	0.0031840199999999996	3.2e-05	0.0015456799999999998	0.02213408	2e-12	2e-12	2e-12	0.007975095556444442
*14/*34	0.044880079999999996	2e-12	0.0031840199999999996	3.2e-05	0.0015456799999999998	0.02213408	2e-12	2e-12	2e-12	0.007975095556444442
*14/*35	0.044880079999999996	2e-12	0.0031840199999999996	3.2e-05	5.5599999999999996e-05	0.02213408	2e-12	2e-12	2e-12	0.007809531111999999
*14/*4	0.044880079999999996	2e-12	0.0031840199999999996	3.2e-05	0.0015456799999999998	0.02213408	2e-12	2e-12	2e-12	0.007975095556444442
*14/*5	0.044880079999999996	2e-12	0.0031840199999999996	1.6e-05	0.0015456799999999998	0.02213408	2e-12	2e-12	2e-12	0.007973317778666665
*14/*6	0.044880079999999996	2e-12	0.0031840199999999996	3.2e-05	0.0015456799999999998	0.02213408	2e-12	2e-12	2e-12	0.007975095556444442
*14/*7	0.044880079999999996	2e-12	0.0031840199999999996	3.2e-05	0.00011119999999999999	0.02213408	2e-12	2e-12	2e-12	0.007815708889777777
*14/*8	0.044880079999999996	2e-12	0.0031840199999999996	3.2e-05	5.5599999999999996e-05	0.02213408	2e-12	2e-12	2e-12	0.007809531111999999
*14/*9	0.044880079999999996	2e-12	0.0031840199999999996	3.2e-05	0.0015456799999999998	0.00029456	2e-12	2e-12	2e-12	0.00554848222311111
*15/*15	0.00030275999999999995	1e-12	0.0015920099999999998	1.6e-05	1e-06	8.409999999999999e-06	1e-12	1e-12	1e-12	0.00021335333377777774
*15/*16	0.0052130399999999995	2e-12	0.0031840199999999996	3.2e-05	5.5599999999999996e-05	0.00061016	2e-12	2e-12	2e-12	0.0010105355564444447
*15/*17	0.0052130399999999995	2e-12	0.0031840199999999996	3.2e-05	5.5599999999999996e-05	0.00061016	2e-12	2e-12	2e-12	0.0010105355564444447
*15/*18	0.0052130399999999995	2e-12	0.0031840199999999996	3.2e-05	5.5599999999999996e-05	0.00061016	2e-12	2e-12	2e-12	0.0010105355564444447
*15/*19	0.0052130399999999995	2e-12	0.0001596	3.2e-05	5.5599999999999996e-05	0.00061016	2e-12	2e-12	2e-12	0.0006744888897777778
*15/*1G	0.008160599999999999	2e-12	0.029621759999999997	0.0021432	0.000163	0.00228172	2e-12	2e-12	2e-12	0.004707808889777777
*15/*2	0.0052130399999999995	2e-12	0.0031840199999999996	3.2e-05	4e-06	0.00061016	2e-12	2e-12	2e-12	0.0010048022231111114
*15/*20	0.0052130399999999995	2e-12	0.0031840199999999996	3.2e-05	5.5599999999999996e-05	0.00061016	2e-12	2e-12	2e-12	0.0010105355564444447
*15/*21	0.0052130399999999995	2e-12	0.0031840199999999996	8e-06	5.5599999999999996e-05	0.00061016	2e-12	2e-12	2e-12	0.0010078688897777778
*15/*22	2.7839999999999998e-05	2e-12	0.00048678	3.2e-05	5.5599999999999996e-05	0.00015021999999999998	2e-12	2e-12	2e-12	8.360444533333334e-05
*15/*23	0.00015659999999999998	2e-12	0.0031840199999999996	3.2e-05	5.5599999999999996e-05	0.00061016	2e-12	2e-12	2e-12	0.0004487088897777777
*15/*24	0.0052130399999999995	2e-12	0.0031840199999999996	3.2e-05	5.5599999999999996e-05	0.00061016	2e-12	2e-12	2e-12	0.0010105355564444447
*15/*26	0.0052130399999999995	2e-12	0.0031840199999999996	3.2e-05	5.5599999999999996e-05	0.00061016	2e-12	2e-12	2e-12	0.0010105355564444447
*15/*28	0.0052130399999999995	2e-12	0.0031840199999999996	3.2e-05	5.5599999999999996e-05	0.00061016	2e-12	2e-12	2e-12	0.0010105355564444447
*15/*29	0.0052130399999999995	2e-12	0.0031840199999999996	3.2e-05	5.5599999999999996e-05	0.00061016	2e-12	2e-12	2e-12	0.0010105355564444447
*15/*3	2.7839999999999998e-05	2e-12	0.0031840199999999996	3.2e-05	1.4e-05	4.175999999999999e-05	2e-12	2e-12	2e-12	0.00036662444533333327
*15/*30	0.0052130399999999995	2e-12	0.0031840199999999996	3.2e-05	5.5599999999999996e-05	0.00061016	2e-12	2e-12	2e-12	0.0010105355564444447
*15/*31	0.0052130399999999995	2e-12	0.0031840199999999996	3.2e-05	5.5599999999999996e-05	0.00061016	2e-12	2e-12	2e-12	0.0010105355564444447
*15/*32	0.0052130399999999995	2e-12	0.0031840199999999996	3.2e-05	5.5599999999999996e-05	0.00061016	2e-12	2e-12	2e-12	0.0010105355564444447
*15/*33	0.0052130399999999995	2e-12	0.0031840199999999996	3.2e-05	5.5599999999999996e-05	0.00061016	2e-12	2e-12	2e-12	0.0010105355564444447
*15/*34	0.0052130399999999995	2e-12	0.0031840199999999996	3.2e-05	5.5599999999999996e-05	0.00061016	2e-12	2e-12	2e-12	0.0010105355564444447
*15/*35	0.0052130399999999995	2e-12	0.0031840199999999996	3.2e-05	2e-06	0.00061016	2e-12	2e-12	2e-12	0.0010045800008888891
*15/*4	0.0052130399999999995	2e-12	0.0031840199999999996	3.2e-05	5.5599999999999996e-05	0.00061016	2e-12	2e-12	2e-12	0.0010105355564444447
*15/*5	0.0052130399999999995	2e-12	0.0031840199999999996	1.6e-05	5.5599999999999996e-05	0.00061016	2e-12	2e-12	2e-12	0.0010087577786666668
*15/*6	0.0052130399999999995	2e-12	0.0031840199999999996	3.2e-05	5.5599999999999996e-05	0.00061016	2e-12	2e-12	2e-12	0.0010105355564444447
*15/*7	0.0052130399999999995	2e-12	0.0031840199999999996	3.2e-05	4e-06	0.00061016	2e-12	2e-12	2e-12	0.0010048022231111114
*15/*8	0.0052130399999999995	2e-12	0.0031840199999999996	3.2e-05	2e-06	0.00061016	2e-12	2e-12	2e-12	0.0010045800008888891
*15/*9	0.0052130399999999995	2e-12	0.0031840199999999996	3.2e-05	5.5599999999999996e-05	8.12e-06	2e-12	2e-12	2e-12	0.0009436422231111114
*16/*16	0.022440039999999998	1e-12	0.0015920099999999998	1.6e-05	0.0007728399999999999	0.01106704	1e-12	1e-12	1e-12	0.003987547778222221
*16/*17	0.044880079999999996	2e-12	0.0031840199999999996	3.2e-05	0.0015456799999999998	0.02213408	2e-12	2e-12	2e-12	0.007975095556444442
*16/*18	0.044880079999999996	2e-12	0.0031840199999999996	3.2e-05	0.0015456799999999998	0.02213408	2e-12	2e-12	2e-12	0.007975095556444442
*16/*19	0.044880079999999996	2e-12	0.0001596	3.2e-05	0.0015456799999999998	0.02213408	2e-12	2e-12	2e-12	0.0076390488897777765
*16/*1G	0.07025619999999999	2e-12	0.029621759999999997	0.0021432	0.0045314	0.08277136	2e-12	2e-12	2e-12	0.021035991112000003
*16/*2	0.044880079999999996	2e-12	0.0031840199999999996	3.2e-05	0.00011119999999999999	0.02213408	2e-12	2e-12	2e-12	0.007815708889777777
*16/*20	0.044880079999999996	2e-12	0.0031840199999999996	3.2e-05	0.0015456799999999998	0.02213408	2e-12	2e-12	2e-12	0.007975095556444442
*16/*21	0.044880079999999996	2e-12	0.0031840199999999996	8e-06	0.0015456799999999998	0.02213408	2e-12	2e-12	2e-12	0.007972428889777776
*16/*22	0.00023967999999999998	2e-12	0.00048678	3.2e-05	0.0015456799999999998	0.00544936	2e-12	2e-12	2e-12	0.0008615000008888889
*16/*23	0.0013481999999999997	2e-12	0.0031840199999999996	3.2e-05	0.0015456799999999998	0.02213408	2e-12	2e-12	2e-12	0.003138220000888889
*16/*24	0.044880079999999996	2e-12	0.0031840199999999996	3.2e-05	0.0015456799999999998	0.02213408	2e-12	2e-12	2e-12	0.007975095556444442
*16/*26	0.044880079999999996	2e-12	0.0031840199999999996	3.2e-05	0.0015456799999999998	0.02213408	2e-12	2e-12	2e-12	0.007975095556444442
*16/*28	0.044880079999999996	2e-12	0.0031840199999999996	3.2e-05	0.0015456799999999998	0.02213408	2e-12	2e-12	2e-12	0.007975095556444442
*16/*29	0.044880079999999996	2e-12	0.0031840199999999996	3.2e-05	0.0015456799999999998	0.02213408	2e-12	2e-12	2e-12	0.007975095556444442
*16/*3	0.00023967999999999998	2e-12	0.0031840199999999996	3.2e-05	0.0003892	0.00151488	2e-12	2e-12	2e-12	0.0005955311119999999
*16/*30	0.044880079999999996	2e-12	0.0031840199999999996	3.2e-05	0.0015456799999999998	0.02213408	2e-12	2e-12	2e-12	0.007975095556444442
*16/*31	0.044880079999999996	2e-12	0.0031840199999999996	3.2e-05	0.0015456799999999998	0.02213408	2e-12	2e-12	2e-12	0.007975095556444442
*16/*32	0.044880079999999996	2e-12	0.0031840199999999996	3.2e-05	0.0015456799999999998	0.02213408	2e-12	2e-12	2e-12	0.007975095556444442
*16/*33	0.044880079999999996	2e-12	0.0031840199999999996	3.2e-05	0.0015456799999999998	0.02213408	2e-12	2e-12	2e-12	0.007975095556444442
*16/*34	0.044880079999999996	2e-12	0.0031840199999999996	3.2e-05	0.0015456799999999998	0.02213408	2e-12	2e-12	2e-12	0.007975095556444442
*16/*35	0.044880079999999996	2e-12	0.0031840199999999996	3.2e-05	5.5599999999999996e-05	0.02213408	2e-12	2e-12	2e-12	0.007809531111999999
*16/*4	0.044880079999999996	2e-12	0.0031840199999999996	3.2e-05	0.0015456799999999998	0.02213408	2e-12	2e-12	2e-12	0.007975095556444442
*16/*5	0.044880079999999996	2e-12	0.0031840199999999996	1.6e-05	0.0015456799999999998	0.02213408	2e-12	2e-12	2e-12	0.007973317778666665
*16/*6	0.044880079999999996	2e-12	0.0031840199999999996	3.2e-05	0.0015456799999999998	0.02213408	2e-12	2e-12	2e-12	0.007975095556444442
*16/*7	0.044880079999999996	2e-12	0.0031840199999999996	3.2e-05	0.00011119999999999999	0.02213408	2e-12	2e-12	2e-12	0.007815708889777777
*16/*8	0.044880079999999996	2e-12	0.0031840199999999996	3.2e-05	5.5599999999999996e-05	0.02213408	2e-12	2e-12	2e-12	0.007809531111999999
*16/*9	0.044880079999999996	2e-12	0.0031840199999999996	3.2e-05	0.0015456799999999998	0.00029456	2e-12	2e-12	2e-12	0.00554848222311111
*17/*17	0.022440039999999998	1e-12	0.0015920099999999998	1.6e-05	0.0007728399999999999	0.01106704	1e-12	1e-12	1e-12	0.003987547778222221
*17/*18	0.044880079999999996	2e-12	0.0031840199999999996	3.2e-05	0.0015456799999999998	0.02213408	2e-12	2e-12	2e-12	0.007975095556444442
*17/*19	0.044880079999999996	2e-12	0.0001596	3.2e-05	0.0015456799999999998	0.02213408	2e-12	2e-12	2e-12	0.0076390488897777765
*17/*1G	0.07025619999999999	2e-12	0.029621759999999997	0.0021432	0.0045314	0.08277136	2e-12	2e-12	2e-12	0.021035991112000003
*17/*2	0.044880079999999996	2e-12	0.0031840199999999996	3.2e-05	0.00011119999999999999	0.02213408	2e-12	2e-12	2e-12	0.007815708889777777
*17/*20	0.044880079999999996	2e-12	0.0031840199999999996	3.2e-05	0.0015456799999999998	0.02213408	2e-12	2e-12	2e-12	0.007975095556444442
*17/*21	0.044880079999999996	2e-12	0.0031840199999999996	8e-06	0.0015456799999999998	0.02213408	2e-12	2e-12	2e-12	0.007972428889777776
*17/*22	0.00023967999999999998	2e-12	0.00048678	3.2e-05	0.0015456799999999998	0.00544936	2e-12	2e-12	2e-12	0.0008615000008888889
*17/*23	0.0013481999999999997	2e-12	0.0031840199999999996	3.2e-05	0.0015456799999999998	0.02213408	2e-12	2e-12	2e-12	0.003138220000888889
*17/*24	0.044880079999999996	2e-12	0.0031840199999999996	3.2e-05	0.0015456799999999998	0.02213408	2e-12	2e-12	2e-12	0.007975095556444442
*17/*26	0.044880079999999996	2e-12	0.0031840199999999996	3.2e-05	0.0015456799999999998	0.02213408	2e-12	2e-12	2e-12	0.007975095556444442
*17/*28	0.044880079999999996	2e-12	0.0031840199999999996	3.2e-05	0.0015456799999999998	0.02213408	2e-12	2e-12	2e-12	0.007975095556444442
*17/*29	0.044880079999999996	2e-12	0.0031840199999999996	3.2e-05	0.0015456799999999998	0.02213408	2e-12	2e-12	2e-12	0.007975095556444442
*17/*3	0.00023967999999999998	2e-12	0.0031840199999999996	3.2e-05	0.0003892	0.00151488	2e-12	2e-12	2e-12	0.0005955311119999999
*17/*30	0.044880079999999996	2e-12	0.0031840199999999996	3.2e-05	0.0015456799999999998	0.02213408	2e-12	2e-12	2e-12	0.007975095556444442
*17/*31	0.044880079999999996	2e-12	0.0031840199999999996	3.2e-05	0.0015456799999999998	0.02213408	2e-12	2e-12	2e-12	0.007975095556444442
*17/*32	0.044880079999999996	2e-12	0.0031840199999999996	3.2e-05	0.0015456799999999998	0.02213408	2e-12	2e-12	2e-12	0.007975095556444442
*17/*33	0.044880079999999996	2e-12	0.0031840199999999996	3.2e-05	0.0015456799999999998	0.02213408	2e-12	2e-12	2e-12	0.007975095556444442
*17/*34	0.044880079999999996	2e-12	0.0031840199999999996	3.2e-05	0.0015456799999999998	0.02213408	2e-12	2e-12	2e-12	0.007975095556444442
*17/*35	0.044880079999999996	2e-12	0.0031840199999999996	3.2e-05	5.5599999999999996e-05	0.02213408	2e-12	2e-12	2e-12	0.007809531111999999
*17/*4	0.044880079999999996	2e-12	0.0031840199999999996	3.2e-05	0.0015456799999999998	0.02213408	2e-12	2e-12	2e-12	0.007975095556444442
*17/*5	0.044880079999999996	2e-12	0.0031840199999999996	1.6e-05	0.0015456799999999998	0.02213408	2e-12	2e-12	2e-12	0.007973317778666665
*17/*6	0.044880079999999996	2e-12	0.0031840199999999996	3.2e-05	0.0015456799999999998	0.02213408	2e-12	2e-12	2e-12	0.007975095556444442
*17/*7	0.044880079999999996	2e-12	0.0031840199999999996	3.2e-05	0.00011119999999999999	0.02213408	2e-12	2e-12	2e-12	0.007815708889777777
*17/*8	0.044880079999999996	2e-12	0.0031840199999999996	3.2e-05	5.5599999999999996e-05	0.02213408	2e-12	2e-12	2e-12	0.007809531111999999
*17/*9	0.044880079999999996	2e-12	0.0031840199999999996	3.2e-05	0.0015456799999999998	0.00029456	2e-12	2e-12	2e-12	0.00554848222311111
*18/*18	0.022440039999999998	1e-12	0.0015920099999999998	1.6e-05	0.0007728399999999999	0.01106704	1e-12	1e-12	1e-12	0.003987547778222221
*18/*19	0.044880079999999996	2e-12	0.0001596	3.2e-05	0.0015456799999999998	0.02213408	2e-12	2e-12	2e-12	0.0076390488897777765
*18/*1G	0.07025619999999999	2e-12	0.029621759999999997	0.0021432	0.0045314	0.08277136	2e-12	2e-12	2e-12	0.021035991112000003
*18/*2	0.044880079999999996	2e-12	0.0031840199999999996	3.2e-05	0.00011119999999999999	0.02213408	2e-12	2e-12	2e-12	0.007815708889777777
*18/*20	0.044880079999999996	2e-12	0.0031840199999999996	3.2e-05	0.0015456799999999998	0.02213408	2e-12	2e-12	2e-12	0.007975095556444442
*18/*21	0.044880079999999996	2e-12	0.0031840199999999996	8e-06	0.0015456799999999998	0.02213408	2e-12	2e-12	2e-12	0.007972428889777776
*18/*22	0.00023967999999999998	2e-12	0.00048678	3.2e-05	0.0015456799999999998	0.00544936	2e-12	2e-12	2e-12	0.0008615000008888889
*18/*23	0.0013481999999999997	2e-12	0.0031840199999999996	3.2e-05	0.0015456799999999998	0.02213408	2e-12	2e-12	2e-12	0.003138220000888889
*18/*24	0.044880079999999996	2e-12	0.0031840199999999996	3.2e-05	0.0015456799999999998	0.02213408	2e-12	2e-12	2e-12	0.007975095556444442
*18/*26	0.044880079999999996	2e-12	0.0031840199999999996	3.2e-05	0.0015456799999999998	0.02213408	2e-12	2e-12	2e-12	0.007975095556444442
*18/*28	0.044880079999999996	2e-12	0.0031840199999999996	3.2e-05	0.0015456799999999998	0.02213408	2e-12	2e-12	2e-12	0.007975095556444442
*18/*29	0.044880079999999996	2e-12	0.0031840199999999996	3.2e-05	0.0015456799999999998	0.02213408	2e-12	2e-12	2e-12	0.007975095556444442
*18/*3	0.00023967999999999998	2e-12	0.0031840199999999996	3.2e-05	0.0003892	0.00151488	2e-12	2e-12	2e-12	0.0005955311119999999
*18/*30	0.044880079999999996	2e-12	0.0031840199999999996	3.2e-05	0.0015456799999999998	0.02213408	2e-12	2e-12	2e-12	0.007975095556444442
*18/*31	0.044880079999999996	2e-12	0.0031840199999999996	3.2e-05	0.0015456799999999998	0.02213408	2e-12	2e-12	2e-12	0.007975095556444442
*18/*32	0.044880079999999996	2e-12	0.0031840199999999996	3.2e-05	0.0015456799999999998	0.02213408	2e-12	2e-12	2e-12	0.007975095556444442
*18/*33	0.044880079999999996	2e-12	0.0031840199999999996	3.2e-05	0.0015456799999999998	0.02213408	2e-12	2e-12	2e-12	0.007975095556444442
*18/*34	0.044880079999999996	2e-12	0.0031840199999999996	3.2e-05	0.0015456799999999998	0.02213408	2e-12	2e-12	2e-12	0.007975095556444442
*18/*35	0.044880079999999996	2e-12	0.0031840199999999996	3.2e-05	5.5599999999999996e-05	0.02213408	2e-12	2e-12	2e-12	0.007809531111999999
*18/*4	0.044880079999999996	2e-12	0.0031840199999999996	3.2e-05	0.0015456799999999998	0.02213408	2e-12	2e-12	2e-12	0.007975095556444442
*18/*5	0.044880079999999996	2e-12	0.0031840199999999996	1.6e-05	0.0015456799999999998	0.02213408	2e-12	2e-12	2e-12	0.007973317778666665
*18/*6	0.044880079999999996	2e-12	0.0031840199999999996	3.2e-05	0.0015456799999999998	0.02213408	2e-12	2e-12	2e-12	0.007975095556444442
*18/*7	0.044880079999999996	2e-12	0.0031840199999999996	3.2e-05	0.00011119999999999999	0.02213408	2e-12	2e-12	2e-12	0.007815708889777777
*18/*8	0.044880079999999996	2e-12	0.0031840199999999996	3.2e-05	5.5599999999999996e-05	0.02213408	2e-12	2e-12	2e-12	0.007809531111999999
*18/*9	0.044880079999999996	2e-12	0.0031840199999999996	3.2e-05	0.0015456799999999998	0.00029456	2e-12	2e-12	2e-12	0.00554848222311111
*19/*19	0.022440039999999998	1e-12	4e-06	1.6e-05	0.0007728399999999999	0.01106704	1e-12	1e-12	1e-12	0.0038111022226666657
*19/*1G	0.07025619999999999	2e-12	0.0014847999999999999	0.0021432	0.0045314	0.08277136	2e-12	2e-12	2e-12	0.017909662223111116
*19/*2	0.044880079999999996	2e-12	0.0001596	3.2e-05	0.00011119999999999999	0.02213408	2e-12	2e-12	2e-12	0.007479662223111109
*19/*20	0.044880079999999996	2e-12	0.0001596	3.2e-05	0.0015456799999999998	0.02213408	2e-12	2e-12	2e-12	0.0076390488897777765
*19/*21	0.044880079999999996	2e-12	0.0001596	8e-06	0.0015456799999999998	0.02213408	2e-12	2e-12	2e-12	0.00763638222311111
*19/*22	0.00023967999999999998	2e-12	2.4400000000000004e-05	3.2e-05	0.0015456799999999998	0.00544936	2e-12	2e-12	2e-12	0.0008101244453333333
*19/*23	0.0013481999999999997	2e-12	0.0001596	3.2e-05	0.0015456799999999998	0.02213408	2e-12	2e-12	2e-12	0.0028021733342222226
*19/*24	0.044880079999999996	2e-12	0.0001596	3.2e-05	0.0015456799999999998	0.02213408	2e-12	2e-12	2e-12	0.0076390488897777765
*19/*26	0.044880079999999996	2e-12	0.0001596	3.2e-05	0.0015456799999999998	0.02213408	2e-12	2e-12	2e-12	0.0076390488897777765
*19/*28	0.044880079999999996	2e-12	0.0001596	3.2e-05	0.0015456799999999998	0.02213408	2e-12	2e-12	2e-12	0.0076390488897777765
*19/*29	0.044880079999999996	2e-12	0.0001596	3.2e-05	0.0015456799999999998	0.02213408	2e-12	2e-12	2e-12	0.0076390488897777765
*19/*3	0.00023967999999999998	2e-12	0.0001596	3.2e-05	0.0003892	0.00151488	2e-12	2e-12	2e-12	0.0002594844453333333
*19/*30	0.044880079999999996	2e-12	0.0001596	3.2e-05	0.0015456799999999998	0.02213408	2e-12	2e-12	2e-12	0.0076390488897777765
*19/*31	0.044880079999999996	2e-12	0.0001596	3.2e-05	0.0015456799999999998	0.02213408	2e-12	2e-12	2e-12	0.0076390488897777765
*19/*32	0.044880079999999996	2e-12	0.0001596	3.2e-05	0.0015456799999999998	0.02213408	2e-12	2e-12	2e-12	0.0076390488897777765
*19/*33	0.044880079999999996	2e-12	0.0001596	3.2e-05	0.0015456799999999998	0.02213408	2e-12	2e-12	2e-12	0.0076390488897777765
*19/*34	0.044880079999999996	2e-12	0.0001596	3.2e-05	0.0015456799999999998	0.02213408	2e-12	2e-12	2e-12	0.0076390488897777765
*19/*35	0.044880079999999996	2e-12	0.0001596	3.2e-05	5.5599999999999996e-05	0.02213408	2e-12	2e-12	2e-12	0.007473484445333333
*19/*4	0.044880079999999996	2e-12	0.0001596	3.2e-05	0.0015456799999999998	0.02213408	2e-12	2e-12	2e-12	0.0076390488897777765
*19/*5	0.044880079999999996	2e-12	0.0001596	1.6e-05	0.0015456799999999998	0.02213408	2e-12	2e-12	2e-12	0.007637271111999998
*19/*6	0.044880079999999996	2e-12	0.0001596	3.2e-05	0.0015456799999999998	0.02213408	2e-12	2e-12	2e-12	0.0076390488897777765
*19/*7	0.044880079999999996	2e-12	0.0001596	3.2e-05	0.00011119999999999999	0.02213408	2e-12	2e-12	2e-12	0.007479662223111109
*19/*8	0.044880079999999996	2e-12	0.0001596	3.2e-05	5.5599999999999996e-05	0.02213408	2e-12	2e-12	2e-12	0.007473484445333333
*19/*9	0.044880079999999996	2e-12	0.0001596	3.2e-05	0.0015456799999999998	0.00029456	2e-12	2e-12	2e-12	0.005212435556444443
*1G/*1G	0.05499024999999999	1e-12	0.13778943999999999	0.07177041000000002	0.006642250000000001	0.15476356000000002	1e-12	1e-12	1e-12	0.047328434444888885
*1G/*2	0.07025619999999999	2e-12	0.029621759999999997	0.0021432	0.000326	0.08277136	2e-12	2e-12	2e-12	0.020568724445333336
*1G/*20	0.07025619999999999	2e-12	0.029621759999999997	0.0021432	0.0045314	0.08277136	2e-12	2e-12	2e-12	0.021035991112000003
*1G/*21	0.07025619999999999	2e-12	0.029621759999999997	0.0005358	0.0045314	0.08277136	2e-12	2e-12	2e-12	0.020857391112000006
*1G/*22	0.0003752	2e-12	0.00452864	0.0021432	0.0045314	0.02037812	2e-12	2e-12	2e-12	0.003550728889777777
*1G/*23	0.0021104999999999995	2e-12	0.029621759999999997	0.0021432	0.0045314	0.08277136	2e-12	2e-12	2e-12	0.013464246667555553
*1G/*24	0.07025619999999999	2e-12	0.029621759999999997	0.0021432	0.0045314	0.08277136	2e-12	2e-12	2e-12	0.021035991112000003
*1G/*26	0.07025619999999999	2e-12	0.029621759999999997	0.0021432	0.0045314	0.08277136	2e-12	2e-12	2e-12	0.021035991112000003
*1G/*28	0.07025619999999999	2e-12	0.029621759999999997	0.0021432	0.0045314	0.08277136	2e-12	2e-12	2e-12	0.021035991112000003
*1G/*29	0.07025619999999999	2e-12	0.029621759999999997	0.0021432	0.0045314	0.08277136	2e-12	2e-12	2e-12	0.021035991112000003
*1G/*3	0.0003752	2e-12	0.029621759999999997	0.0021432	0.001141	0.00566496	2e-12	2e-12	2e-12	0.004327346667555554
*1G/*30	0.07025619999999999	2e-12	0.029621759999999997	0.0021432	0.0045314	0.08277136	2e-12	2e-12	2e-12	0.021035991112000003
*1G/*31	0.07025619999999999	2e-12	0.029621759999999997	0.0021432	0.0045314	0.08277136	2e-12	2e-12	2e-12	0.021035991112000003
*1G/*32	0.07025619999999999	2e-12	0.029621759999999997	0.0021432	0.0045314	0.08277136	2e-12	2e-12	2e-12	0.021035991112000003
*1G/*33	0.07025619999999999	2e-12	0.029621759999999997	0.0021432	0.0045314	0.08277136	2e-12	2e-12	2e-12	0.021035991112000003
*1G/*34	0.07025619999999999	2e-12	0.029621759999999997	0.0021432	0.0045314	0.08277136	2e-12	2e-12	2e-12	0.021035991112000003
*1G/*35	0.07025619999999999	2e-12	0.029621759999999997	0.0021432	0.000163	0.08277136	2e-12	2e-12	2e-12	0.020550613334222225
*1G/*4	0.07025619999999999	2e-12	0.029621759999999997	0.0021432	0.0045314	0.08277136	2e-12	2e-12	2e-12	0.021035991112000003
*1G/*5	0.07025619999999999	2e-12	0.029621759999999997	0.0010716	0.0045314	0.08277136	2e-12	2e-12	2e-12	0.020916924445333336
*1G/*6	0.07025619999999999	2e-12	0.029621759999999997	0.0021432	0.0045314	0.08277136	2e-12	2e-12	2e-12	0.021035991112000003
*1G/*7	0.07025619999999999	2e-12	0.029621759999999997	0.0021432	0.000326	0.08277136	2e-12	2e-12	2e-12	0.020568724445333336
*1G/*8	0.07025619999999999	2e-12	0.029621759999999997	0.0021432	0.000163	0.08277136	2e-12	2e-12	2e-12	0.020550613334222225
*1G/*9	0.07025619999999999	2e-12	0.029621759999999997	0.0021432	0.0045314	0.0011015200000000001	2e-12	2e-12	2e-12	0.01196156444533333
*2/*2	0.022440039999999998	1e-12	0.0015920099999999998	1.6e-05	4e-06	0.01106704	1e-12	1e-12	1e-12	0.003902121111555555
*2/*20	0.044880079999999996	2e-12	0.0031840199999999996	3.2e-05	0.00011119999999999999	0.02213408	2e-12	2e-12	2e-12	0.007815708889777777
*2/*21	0.044880079999999996	2e-12	0.0031840199999999996	8e-06	0.00011119999999999999	0.02213408	2e-12	2e-12	2e-12	0.00781304222311111
*2/*22	0.00023967999999999998	2e-12	0.00048678	3.2e-05	0.00011119999999999999	0.00544936	2e-12	2e-12	2e-12	0.0007021133342222222
*2/*23	0.0013481999999999997	2e-12	0.0031840199999999996	3.2e-05	0.00011119999999999999	0.02213408	2e-12	2e-12	2e-12	0.002978833334222222
*2/*24	0.044880079999999996	2e-12	0.0031840199999999996	3.2e-05	0.00011119999999999999	0.02213408	2e-12	2e-12	2e-12	0.007815708889777777
*2/*26	0.044880079999999996	2e-12	0.0031840199999999996	3.2e-05	0.00011119999999999999	0.02213408	2e-12	2e-12	2e-12	0.007815708889777777
*2/*28	0.044880079999999996	2e-12	0.0031840199999999996	3.2e-05	0.00011119999999999999	0.02213408	2e-12	2e-12	2e-12	0.007815708889777777
*2/*29	0.044880079999999996	2e-12	0.0031840199999999996	3.2e-05	0.00011119999999999999	0.02213408	2e-12	2e-12	2e-12	0.007815708889777777
*2/*3	0.00023967999999999998	2e-12	0.0031840199999999996	3.2e-05	2.8e-05	0.00151488	2e-12	2e-12	2e-12	0.0005553977786666665
*2/*30	0.044880079999999996	2e-12	0.0031840199999999996	3.2e-05	0.00011119999999999999	0.02213408	2e-12	2e-12	2e-12	0.007815708889777777
*2/*31	0.044880079999999996	2e-12	0.0031840199999999996	3.2e-05	0.00011119999999999999	0.02213408	2e-12	2e-12	2e-12	0.007815708889777777
*2/*32	0.044880079999999996	2e-12	0.0031840199999999996	3.2e-05	0.00011119999999999999	0.02213408	2e-12	2e-12	2e-12	0.007815708889777777
*2/*33	0.044880079999999996	2e-12	0.0031840199999999996	3.2e-05	0.00011119999999999999	0.02213408	2e-12	2e-12	2e-12	0.007815708889777777
*2/*34	0.044880079999999996	2e-12	0.0031840199999999996	3.2e-05	0.00011119999999999999	0.02213408	2e-12	2e-12	2e-12	0.007815708889777777
*2/*35	0.044880079999999996	2e-12	0.0031840199999999996	3.2e-05	4e-06	0.02213408	2e-12	2e-12	2e-12	0.0078037977786666645
*2/*4	0.044880079999999996	2e-12	0.0031840199999999996	3.2e-05	0.00011119999999999999	0.02213408	2e-12	2e-12	2e-12	0.007815708889777777
*2/*5	0.044880079999999996	2e-12	0.0031840199999999996	1.6e-05	0.00011119999999999999	0.02213408	2e-12	2e-12	2e-12	0.007813931112
*2/*6	0.044880079999999996	2e-12	0.0031840199999999996	3.2e-05	0.00011119999999999999	0.02213408	2e-12	2e-12	2e-12	0.007815708889777777
*2/*7	0.044880079999999996	2e-12	0.0031840199999999996	3.2e-05	8e-06	0.02213408	2e-12	2e-12	2e-12	0.00780424222311111
*2/*8	0.044880079999999996	2e-12	0.0031840199999999996	3.2e-05	4e-06	0.02213408	2e-12	2e-12	2e-12	0.0078037977786666645
*2/*9	0.044880079999999996	2e-12	0.0031840199999999996	3.2e-05	0.00011119999999999999	0.00029456	2e-12	2e-12	2e-12	0.005389095556444443
*20/*20	0.022440039999999998	1e-12	0.0015920099999999998	1.6e-05	0.0007728399999999999	0.01106704	1e-12	1e-12	1e-12	0.003987547778222221
*20/*21	0.044880079999999996	2e-12	0.0031840199999999996	8e-06	0.0015456799999999998	0.02213408	2e-12	2e-12	2e-12	0.007972428889777776
*20/*22	0.00023967999999999998	2e-12	0.00048678	3.2e-05	0.0015456799999999998	0.00544936	2e-12	2e-12	2e-12	0.0008615000008888889
*20/*23	0.0013481999999999997	2e-12	0.0031840199999999996	3.2e-05	0.0015456799999999998	0.02213408	2e-12	2e-12	2e-12	0.003138220000888889
*20/*24	0.044880079999999996	2e-12	0.0031840199999999996	3.2e-05	0.0015456799999999998	0.02213408	2e-12	2e-12	2e-12	0.007975095556444442
*20/*26	0.044880079999999996	2e-12	0.0031840199999999996	3.2e-05	0.0015456799999999998	0.02213408	2e-12	2e-12	2e-12	0.007975095556444442
*20/*28	0.044880079999999996	2e-12	0.0031840199999999996	3.2e-05	0.0015456799999999998	0.02213408	2e-12	2e-12	2e-12	0.007975095556444442
*20/*29	0.044880079999999996	2e-12	0.0031840199999999996	3.2e-05	0.0015456799999999998	0.02213408	2e-12	2e-12	2e-12	0.007975095556444442
*20/*3	0.00023967999999999998	2e-12	0.0031840199999999996	3.2e-05	0.0003892	0.00151488	2e-12	2e-12	2e-12	0.0005955311119999999
*20/*30	0.044880079999999996	2e-12	0.0031840199999999996	3.2e-05	0.0015456799999999998	0.02213408	2e-12	2e-12	2e-12	0.007975095556444442
*20/*31	0.044880079999999996	2e-12	0.0031840199999999996	3.2e-05	0.0015456799999999998	0.02213408	2e-12	2e-12	2e-12	0.007975095556444442
*20/*32	0.044880079999999996	2e-12	0.0031840199999999996	3.2e-05	0.0015456799999999998	0.02213408	2e-12	2e-12	2e-12	0.007975095556444442
*20/*33	0.044880079999999996	2e-12	0.0031840199999999996	3.2e-05	0.0015456799999999998	0.02213408	2e-12	2e-12	2e-12	0.007975095556444442
*20/*34	0.044880079999999996	2e-12	0.0031840199999999996	3.2e-05	0.0015456799999999998	0.02213408	2e-12	2e-12	2e-12	0.007975095556444442
*20/*35	0.044880079999999996	2e-12	0.0031840199999999996	3.2e-05	5.5599999999999996e-05	0.02213408	2e-12	2e-12	2e-12	0.007809531111999999
*20/*4	0.044880079999999996	2e-12	0.0031840199999999996	3.2e-05	0.0015456799999999998	0.02213408	2e-12	2e-12	2e-12	0.007975095556444442
*20/*5	0.044880079999999996	2e-12	0.0031840199999999996	1.6e-05	0.0015456799999999998	0.02213408	2e-12	2e-12	2e-12	0.007973317778666665
*20/*6	0.044880079999999996	2e-12	0.0031840199999999996	3.2e-05	0.0015456799999999998	0.02213408	2e-12	2e-12	2e-12	0.007975095556444442
*20/*7	0.044880079999999996	2e-12	0.0031840199999999996	3.2e-05	0.00011119999999999999	0.02213408	2e-12	2e-12	2e-12	0.007815708889777777
*20/*8	0.044880079999999996	2e-12	0.0031840199999999996	3.2e-05	5.5599999999999996e-05	0.02213408	2e-12	2e-12	2e-12	0.007809531111999999
*20/*9	0.044880079999999996	2e-12	0.0031840199999999996	3.2e-05	0.0015456799999999998	0.00029456	2e-12	2e-12	2e-12	0.00554848222311111
*21/*21	0.022440039999999998	1e-12	0.0015920099999999998	1e-06	0.0007728399999999999	0.01106704	1e-12	1e-12	1e-12	0.003985881111555556
*21/*22	0.00023967999999999998	2e-12	0.00048678	8e-06	0.0015456799999999998	0.00544936	2e-12	2e-12	2e-12	0.0008588333342222222
*21/*23	0.0013481999999999997	2e-12	0.0031840199999999996	8e-06	0.0015456799999999998	0.02213408	2e-12	2e-12	2e-12	0.0031355533342222225
*21/*24	0.044880079999999996	2e-12	0.0031840199999999996	8e-06	0.0015456799999999998	0.02213408	2e-12	2e-12	2e-12	0.007972428889777776
*21/*26	0.044880079999999996	2e-12	0.0031840199999999996	8e-06	0.0015456799999999998	0.02213408	2e-12	2e-12	2e-12	0.007972428889777776
*21/*28	0.044880079999999996	2e-12	0.0031840199999999996	8e-06	0.0015456799999999998	0.02213408	2e-12	2e-12	2e-12	0.007972428889777776
*21/*29	0.044880079999999996	2e-12	0.0031840199999999996	8e-06	0.0015456799999999998	0.02213408	2e-12	2e-12	2e-12	0.007972428889777776
*21/*3	0.00023967999999999998	2e-12	0.0031840199999999996	8e-06	0.0003892	0.00151488	2e-12	2e-12	2e-12	0.0005928644453333334
*21/*30	0.044880079999999996	2e-12	0.0031840199999999996	8e-06	0.0015456799999999998	0.02213408	2e-12	2e-12	2e-12	0.007972428889777776
*21/*31	0.044880079999999996	2e-12	0.0031840199999999996	8e-06	0.0015456799999999998	0.02213408	2e-12	2e-12	2e-12	0.007972428889777776
*21/*32	0.044880079999999996	2e-12	0.0031840199999999996	8e-06	0.0015456799999999998	0.02213408	2e-12	2e-12	2e-12	0.007972428889777776
*21/*33	0.044880079999999996	2e-12	0.0031840199999999996	8e-06	0.0015456799999999998	0.02213408	2e-12	2e-12	2e-12	0.007972428889777776
*21/*34	0.044880079999999996	2e-12	0.0031840199999999996	8e-06	0.0015456799999999998	0.02213408	2e-12	2e-12	2e-12	0.007972428889777776
*21/*35	0.044880079999999996	2e-12	0.0031840199999999996	8e-06	5.5599999999999996e-05	0.02213408	2e-12	2e-12	2e-12	0.007806864445333333
*21/*4	0.044880079999999996	2e-12	0.0031840199999999996	8e-06	0.0015456799999999998	0.02213408	2e-12	2e-12	2e-12	0.007972428889777776
*21/*5	0.044880079999999996	2e-12	0.0031840199999999996	4e-06	0.0015456799999999998	0.02213408	2e-12	2e-12	2e-12	0.007971984445333332
*21/*6	0.044880079999999996	2e-12	0.0031840199999999996	8e-06	0.0015456799999999998	0.02213408	2e-12	2e-12	2e-12	0.007972428889777776
*21/*7	0.044880079999999996	2e-12	0.0031840199999999996	8e-06	0.00011119999999999999	0.02213408	2e-12	2e-12	2e-12	0.00781304222311111
*21/*8	0.044880079999999996	2e-12	0.0031840199999999996	8e-06	5.5599999999999996e-05	0.02213408	2e-12	2e-12	2e-12	0.007806864445333333
*21/*9	0.044880079999999996	2e-12	0.0031840199999999996	8e-06	0.0015456799999999998	0.00029456	2e-12	2e-12	2e-12	0.005545815556444443
*22/*22	6.4e-07	1e-12	3.7210000000000005e-05	1.6e-05	0.0007728399999999999	0.00067081	1e-12	1e-12	1e-12	0.00016638888933333333
*22/*23	7.2e-06	2e-12	0.00048678	3.2e-05	0.0015456799999999998	0.00544936	2e-12	2e-12	2e-12	0.0008356688897777778
*22/*24	0.00023967999999999998	2e-12	0.00048678	3.2e-05	0.0015456799999999998	0.00544936	2e-12	2e-12	2e-12	0.0008615000008888889
*22/*26	0.00023967999999999998	2e-12	0.00048678	3.2e-05	0.0015456799999999998	0.00544936	2e-12	2e-12	2e-12	0.0008615000008888889
*22/*28	0.00023967999999999998	2e-12	0.00048678	3.2e-05	0.0015456799999999998	0.00544936	2e-12	2e-12	2e-12	0.0008615000008888889
*22/*29	0.00023967999999999998	2e-12	0.00048678	3.2e-05	0.0015456799999999998	0.00544936	2e-12	2e-12	2e-12	0.0008615000008888889
*22/*3	1.28e-06	2e-12	0.00048678	3.2e-05	0.0003892	0.00037296	2e-12	2e-12	2e-12	0.0001424688897777778
*22/*30	0.00023967999999999998	2e-12	0.00048678	3.2e-05	0.0015456799999999998	0.00544936	2e-12	2e-12	2e-12	0.0008615000008888889
*22/*31	0.00023967999999999998	2e-12	0.00048678	3.2e-05	0.0015456799999999998	0.00544936	2e-12	2e-12	2e-12	0.0008615000008888889
*22/*32	0.00023967999999999998	2e-12	0.00048678	3.2e-05	0.0015456799999999998	0.00544936	2e-12	2e-12	2e-12	0.0008615000008888889
*22/*33	0.00023967999999999998	2e-12	0.00048678	3.2e-05	0.0015456799999999998	0.00544936	2e-12	2e-12	2e-12	0.0008615000008888889
*22/*34	0.00023967999999999998	2e-12	0.00048678	3.2e-05	0.0015456799999999998	0.00544936	2e-12	2e-12	2e-12	0.0008615000008888889
*22/*35	0.00023967999999999998	2e-12	0.00048678	3.2e-05	5.5599999999999996e-05	0.00544936	2e-12	2e-12	2e-12	0.0006959355564444445
*22/*4	0.00023967999999999998	2e-12	0.00048678	3.2e-05	0.0015456799999999998	0.00544936	2e-12	2e-12	2e-12	0.0008615000008888889
*22/*5	0.00023967999999999998	2e-12	0.00048678	1.6e-05	0.0015456799999999998	0.00544936	2e-12	2e-12	2e-12	0.0008597222231111111
*22/*6	0.00023967999999999998	2e-12	0.00048678	3.2e-05	0.0015456799999999998	0.00544936	2e-12	2e-12	2e-12	0.0008615000008888889
*22/*7	0.00023967999999999998	2e-12	0.00048678	3.2e-05	0.00011119999999999999	0.00544936	2e-12	2e-12	2e-12	0.0007021133342222222
*22/*8	0.00023967999999999998	2e-12	0.00048678	3.2e-05	5.5599999999999996e-05	0.00544936	2e-12	2e-12	2e-12	0.0006959355564444445
*22/*9	0.00023967999999999998	2e-12	0.00048678	3.2e-05	0.0015456799999999998	7.252e-05	2e-12	2e-12	2e-12	0.0002640733342222222
*23/*23	2.0249999999999998e-05	1e-12	0.0015920099999999998	1.6e-05	0.0007728399999999999	0.01106704	1e-12	1e-12	1e-12	0.0014964600004444446
*23/*24	0.0013481999999999997	2e-12	0.0031840199999999996	3.2e-05	0.0015456799999999998	0.02213408	2e-12	2e-12	2e-12	0.003138220000888889
*23/*26	0.0013481999999999997	2e-12	0.0031840199999999996	3.2e-05	0.0015456799999999998	0.02213408	2e-12	2e-12	2e-12	0.003138220000888889
*23/*28	0.0013481999999999997	2e-12	0.0031840199999999996	3.2e-05	0.0015456799999999998	0.02213408	2e-12	2e-12	2e-12	0.003138220000888889
*23/*29	0.0013481999999999997	2e-12	0.0031840199999999996	3.2e-05	0.0015456799999999998	0.02213408	2e-12	2e-12	2e-12	0.003138220000888889
*23/*3	7.2e-06	2e-12	0.0031840199999999996	3.2e-05	0.0003892	0.00151488	2e-12	2e-12	2e-12	0.0005697000008888888
*23/*30	0.0013481999999999997	2e-12	0.0031840199999999996	3.2e-05	0.0015456799999999998	0.02213408	2e-12	2e-12	2e-12	0.003138220000888889
*23/*31	0.0013481999999999997	2e-12	0.0031840199999999996	3.2e-05	0.0015456799999999998	0.02213408	2e-12	2e-12	2e-12	0.003138220000888889
*23/*32	0.0013481999999999997	2e-12	0.0031840199999999996	3.2e-05	0.0015456799999999998	0.02213408	2e-12	2e-12	2e-12	0.003138220000888889
*23/*33	0.0013481999999999997	2e-12	0.0031840199999999996	3.2e-05	0.0015456799999999998	0.02213408	2e-12	2e-12	2e-12	0.003138220000888889
*23/*34	0.0013481999999999997	2e-12	0.0031840199999999996	3.2e-05	0.0015456799999999998	0.02213408	2e-12	2e-12	2e-12	0.003138220000888889
*23/*35	0.0013481999999999997	2e-12	0.0031840199999999996	3.2e-05	5.5599999999999996e-05	0.02213408	2e-12	2e-12	2e-12	0.002972655556444445
*23/*4	0.0013481999999999997	2e-12	0.0031840199999999996	3.2e-05	0.0015456799999999998	0.02213408	2e-12	2e-12	2e-12	0.003138220000888889
*23/*5	0.0013481999999999997	2e-12	0.0031840199999999996	1.6e-05	0.0015456799999999998	0.02213408	2e-12	2e-12	2e-12	0.0031364422231111113
*23/*6	0.0013481999999999997	2e-12	0.0031840199999999996	3.2e-05	0.0015456799999999998	0.02213408	2e-12	2e-12	2e-12	0.003138220000888889
*23/*7	0.0013481999999999997	2e-12	0.0031840199999999996	3.2e-05	0.00011119999999999999	0.02213408	2e-12	2e-12	2e-12	0.002978833334222222
*23/*8	0.0013481999999999997	2e-12	0.0031840199999999996	3.2e-05	5.5599999999999996e-05	0.02213408	2e-12	2e-12	2e-12	0.002972655556444445
*23/*9	0.0013481999999999997	2e-12	0.0031840199999999996	3.2e-05	0.0015456799999999998	0.00029456	2e-12	2e-12	2e-12	0.0007116066675555555
*24/*24	0.022440039999999998	1e-12	0.0015920099999999998	1.6e-05	0.0007728399999999999	0.01106704	1e-12	1e-12	1e-12	0.003987547778222221
*24/*26	0.044880079999999996	2e-12	0.0031840199999999996	3.2e-05	0.0015456799999999998	0.02213408	2e-12	2e-12	2e-12	0.007975095556444442
*24/*28	0.044880079999999996	2e-12	0.0031840199999999996	3.2e-05	0.0015456799999999998	0.02213408	2e-12	2e-12	2e-12	0.007975095556444442
*24/*29	0.044880079999999996	2e-12	0.0031840199999999996	3.2e-05	0.0015456799999999998	0.02213408	2e-12	2e-12	2e-12	0.007975095556444442
*24/*3	0.00023967999999999998	2e-12	0.0031840199999999996	3.2e-05	0.0003892	0.00151488	2e-12	2e-12	2e-12	0.0005955311119999999
*24/*30	0.044880079999999996	2e-12	0.0031840199999999996	3.2e-05	0.0015456799999999998	0.02213408	2e-12	2e-12	2e-12	0.007975095556444442
*24/*31	0.044880079999999996	2e-12	0.0031840199999999996	3.2e-05	0.0015456799999999998	0.02213408	2e-12	2e-12	2e-12	0.007975095556444442
*24/*32	0.044880079999999996	2e-12	0.0031840199999999996	3.2e-05	0.0015456799999999998	0.02213408	2e-12	2e-12	2e-12	0.007975095556444442
*24/*33	0.044880079999999996	2e-12	0.0031840199999999996	3.2e-05	0.0015456799999999998	0.02213408	2e-12	2e-12	2e-12	0.007975095556444442
*24/*34	0.044880079999999996	2e-12	0.0031840199999999996	3.2e-05	0.0015456799999999998	0.02213408	2e-12	2e-12	2e-12	0.007975095556444442
*24/*35	0.044880079999999996	2e-12	0.0031840199999999996	3.2e-05	5.5599999999999996e-05	0.02213408	2e-12	2e-12	2e-12	0.007809531111999999
*24/*4	0.044880079999999996	2e-12	0.0031840199999999996	3.2e-05	0.0015456799999999998	0.02213408	2e-12	2e-12	2e-12	0.007975095556444442
*24/*5	0.044880079999999996	2e-12	0.0031840199999999996	1.6e-05	0.0015456799999999998	0.02213408	2e-12	2e-12	2e-12	0.007973317778666665
*24/*6	0.044880079999999996	2e-12	0.0031840199999999996	3.2e-05	0.0015456799999999998	0.02213408	2e-12	2e-12	2e-12	0.007975095556444442
*24/*7	0.044880079999999996	2e-12	0.0031840199999999996	3.2e-05	0.00011119999999999999	0.02213408	2e-12	2e-12	2e-12	0.007815708889777777
*24/*8	0.044880079999999996	2e-12	0.0031840199999999996	3.2e-05	5.5599999999999996e-05	0.02213408	2e-12	2e-12	2e-12	0.007809531111999999
*24/*9	0.044880079999999996	2e-12	0.0031840199999999996	3.2e-05	0.0015456799999999998	0.00029456	2e-12	2e-12	2e-12	0.00554848222311111
*26/*26	0.022440039999999998	1e-12	0.0015920099999999998	1.6e-05	0.0007728399999999999	0.01106704	1e-12	1e-12	1e-12	0.003987547778222221
*26/*28	0.044880079999999996	2e-12	0.0031840199999999996	3.2e-05	0.0015456799999999998	0.02213408	2e-12	2e-12	2e-12	0.007975095556444442
*26/*29	0.044880079999999996	2e-12	0.0031840199999999996	3.2e-05	0.0015456799999999998	0.02213408	2e-12	2e-12	2e-12	0.007975095556444442
*26/*3	0.00023967999999999998	2e-12	0.0031840199999999996	3.2e-05	0.0003892	0.00151488	2e-12	2e-12	2e-12	0.0005955311119999999
*26/*30	0.044880079999999996	2e-12	0.0031840199999999996	3.2e-05	0.0015456799999999998	0.02213408	2e-12	2e-12	2e-12	0.007975095556444442
*26/*31	0.044880079999999996	2e-12	0.0031840199999999996	3.2e-05	0.0015456799999999998	0.02213408	2e-12	2e-12	2e-12	0.007975095556444442
*26/*32	0.044880079999999996	2e-12	0.0031840199999999996	3.2e-05	0.0015456799999999998	0.02213408	2e-12	2e-12	2e-12	0.007975095556444442
*26/*33	0.044880079999999996	2e-12	0.0031840199999999996	3.2e-05	0.0015456799999999998	0.02213408	2e-12	2e-12	2e-12	0.007975095556444442
*26/*34	0.044880079999999996	2e-12	0.0031840199999999996	3.2e-05	0.0015456799999999998	0.02213408	2e-12	2e-12	2e-12	0.007975095556444442
*26/*35	0.044880079999999996	2e-12	0.0031840199999999996	3.2e-05	5.5599999999999996e-05	0.02213408	2e-12	2e-12	2e-12	0.007809531111999999
*26/*4	0.044880079999999996	2e-12	0.0031840199999999996	3.2e-05	0.0015456799999999998	0.02213408	2e-12	2e-12	2e-12	0.007975095556444442
*26/*5	0.044880079999999996	2e-12	0.0031840199999999996	1.6e-05	0.0015456799999999998	0.02213408	2e-12	2e-12	2e-12	0.007973317778666665
*26/*6	0.044880079999999996	2e-12	0.0031840199999999996	3.2e-05	0.0015456799999999998	0.02213408	2e-12	2e-12	2e-12	0.007975095556444442
*26/*7	0.044880079999999996	2e-12	0.0031840199999999996	3.2e-05	0.00011119999999999999	0.02213408	2e-12	2e-12	2e-12	0.007815708889777777
*26/*8	0.044880079999999996	2e-12	0.0031840199999999996	3.2e-05	5.5599999999999996e-05	0.02213408	2e-12	2e-12	2e-12	0.007809531111999999
*26/*9	0.044880079999999996	2e-12	0.0031840199999999996	3.2e-05	0.0015456799999999998	0.00029456	2e-12	2e-12	2e-12	0.00554848222311111
*28/*28	0.022440039999999998	1e-12	0.0015920099999999998	1.6e-05	0.0007728399999999999	0.01106704	1e-12	1e-12	1e-12	0.003987547778222221
*28/*29	0.044880079999999996	2e-12	0.0031840199999999996	3.2e-05	0.0015456799999999998	0.02213408	2e-12	2e-12	2e-12	0.007975095556444442
*28/*3	0.00023967999999999998	2e-12	0.0031840199999999996	3.2e-05	0.0003892	0.00151488	2e-12	2e-12	2e-12	0.0005955311119999999
*28/*30	0.044880079999999996	2e-12	0.0031840199999999996	3.2e-05	0.0015456799999999998	0.02213408	2e-12	2e-12	2e-12	0.007975095556444442
*28/*31	0.044880079999999996	2e-12	0.0031840199999999996	3.2e-05	0.0015456799999999998	0.02213408	2e-12	2e-12	2e-12	0.007975095556444442
*28/*32	0.044880079999999996	2e-12	0.0031840199999999996	3.2e-05	0.0015456799999999998	0.02213408	2e-12	2e-12	2e-12	0.007975095556444442
*28/*33	0.044880079999999996	2e-12	0.0031840199999999996	3.2e-05	0.0015456799999999998	0.02213408	2e-12	2e-12	2e-12	0.007975095556444442
*28/*34	0.044880079999999996	2e-12	0.0031840199999999996	3.2e-05	0.0015456799999999998	0.02213408	2e-12	2e-12	2e-12	0.007975095556444442
*28/*35	0.044880079999999996	2e-12	0.0031840199999999996	3.2e-05	5.5599999999999996e-05	0.02213408	2e-12	2e-12	2e-12	0.007809531111999999
*28/*4	0.044880079999999996	2e-12	0.0031840199999999996	3.2e-05	0.0015456799999999998	0.02213408	2e-12	2e-12	2e-12	0.007975095556444442
*28/*5	0.044880079999999996	2e-12	0.0031840199999999996	1.6e-05	0.0015456799999999998	0.02213408	2e-12	2e-12	2e-12	0.007973317778666665
*28/*6	0.044880079999999996	2e-12	0.0031840199999999996	3.2e-05	0.0015456799999999998	0.02213408	2e-12	2e-12	2e-12	0.007975095556444442
*28/*7	0.044880079999999996	2e-12	0.0031840199999999996	3.2e-05	0.00011119999999999999	0.02213408	2e-12	2e-12	2e-12	0.007815708889777777
*28/*8	0.044880079999999996	2e-12	0.0031840199999999996	3.2e-05	5.5599999999999996e-05	0.02213408	2e-12	2e-12	2e-12	0.007809531111999999
*28/*9	0.044880079999999996	2e-12	0.0031840199999999996	3.2e-05	0.0015456799999999998	0.00029456	2e-12	2e-12	2e-12	0.00554848222311111
*29/*29	0.022440039999999998	1e-12	0.0015920099999999998	1.6e-05	0.0007728399999999999	0.01106704	1e-12	1e-12	1e-12	0.003987547778222221
*29/*3	0.00023967999999999998	2e-12	0.0031840199999999996	3.2e-05	0.0003892	0.00151488	2e-12	2e-12	2e-12	0.0005955311119999999
*29/*30	0.044880079999999996	2e-12	0.0031840199999999996	3.2e-05	0.0015456799999999998	0.02213408	2e-12	2e-12	2e-12	0.007975095556444442
*29/*31	0.044880079999999996	2e-12	0.0031840199999999996	3.2e-05	0.0015456799999999998	0.02213408	2e-12	2e-12	2e-12	0.007975095556444442
*29/*32	0.044880079999999996	2e-12	0.0031840199999999996	3.2e-05	0.0015456799999999998	0.02213408	2e-12	2e-12	2e-12	0.007975095556444442
*29/*33	0.044880079999999996	2e-12	0.0031840199999999996	3.2e-05	0.0015456799999999998	0.02213408	2e-12	2e-12	2e-12	0.007975095556444442
*29/*34	0.044880079999999996	2e-12	0.0031840199999999996	3.2e-05	0.0015456799999999998	0.02213408	2e-12	2e-12	2e-12	0.007975095556444442
*29/*35	0.044880079999999996	2e-12	0.0031840199999999996	3.2e-05	5.5599999999999996e-05	0.02213408	2e-12	2e-12	2e-12	0.007809531111999999
*29/*4	0.044880079999999996	2e-12	0.0031840199999999996	3.2e-05	0.0015456799999999998	0.02213408	2e-12	2e-12	2e-12	0.007975095556444442
*29/*5	0.044880079999999996	2e-12	0.0031840199999999996	1.6e-05	0.0015456799999999998	0.02213408	2e-12	2e-12	2e-12	0.007973317778666665
*29/*6	0.044880079999999996	2e-12	0.0031840199999999996	3.2e-05	0.0015456799999999998	0.02213408	2e-12	2e-12	2e-12	0.007975095556444442
*29/*7	0.044880079999999996	2e-12	0.0031840199999999996	3.2e-05	0.00011119999999999999	0.02213408	2e-12	2e-12	2e-12	0.007815708889777777
*29/*8	0.044880079999999996	2e-12	0.0031840199999999996	3.2e-05	5.5599999999999996e-05	0.02213408	2e-12	2e-12	2e-12	0.007809531111999999
*29/*9	0.044880079999999996	2e-12	0.0031840199999999996	3.2e-05	0.0015456799999999998	0.00029456	2e-12	2e-12	2e-12	0.00554848222311111
*3/*3	6.4e-07	1e-12	0.0015920099999999998	1.6e-05	4.9000000000000005e-05	5.184e-05	1e-12	1e-12	1e-12	0.00018994333377777778
*3/*30	0.00023967999999999998	2e-12	0.0031840199999999996	3.2e-05	0.0003892	0.00151488	2e-12	2e-12	2e-12	0.0005955311119999999
*3/*31	0.00023967999999999998	2e-12	0.0031840199999999996	3.2e-05	0.0003892	0.00151488	2e-12	2e-12	2e-12	0.0005955311119999999
*3/*32	0.00023967999999999998	2e-12	0.0031840199999999996	3.2e-05	0.0003892	0.00151488	2e-12	2e-12	2e-12	0.0005955311119999999
*3/*33	0.00023967999999999998	2e-12	0.0031840199999999996	3.2e-05	0.0003892	0.00151488	2e-12	2e-12	2e-12	0.0005955311119999999
*3/*34	0.00023967999999999998	2e-12	0.0031840199999999996	3.2e-05	0.0003892	0.00151488	2e-12	2e-12	2e-12	0.0005955311119999999
*3/*35	0.00023967999999999998	2e-12	0.0031840199999999996	3.2e-05	1.4e-05	0.00151488	2e-12	2e-12	2e-12	0.0005538422231111111
*3/*4	0.00023967999999999998	2e-12	0.0031840199999999996	3.2e-05	0.0003892	0.00151488	2e-12	2e-12	2e-12	0.0005955311119999999
*3/*5	0.00023967999999999998	2e-12	0.0031840199999999996	1.6e-05	0.0003892	0.00151488	2e-12	2e-12	2e-12	0.0005937533342222222
*3/*6	0.00023967999999999998	2e-12	0.0031840199999999996	3.2e-05	0.0003892	0.00151488	2e-12	2e-12	2e-12	0.0005955311119999999
*3/*7	0.00023967999999999998	2e-12	0.0031840199999999996	3.2e-05	2.8e-05	0.00151488	2e-12	2e-12	2e-12	0.0005553977786666665
*3/*8	0.00023967999999999998	2e-12	0.0031840199999999996	3.2e-05	1.4e-05	0.00151488	2e-12	2e-12	2e-12	0.0005538422231111111
*3/*9	0.00023967999999999998	2e-12	0.0031840199999999996	3.2e-05	0.0003892	2.016e-05	2e-12	2e-12	2e-12	0.00042945111199999995
*30/*30	0.022440039999999998	1e-12	0.0015920099999999998	1.6e-05	0.0007728399999999999	0.01106704	1e-12	1e-12	1e-12	0.003987547778222221
*30/*31	0.044880079999999996	2e-12	0.0031840199999999996	3.2e-05	0.0015456799999999998	0.02213408	2e-12	2e-12	2e-12	0.007975095556444442
*30/*32	0.044880079999999996	2e-12	0.0031840199999999996	3.2e-05	0.0015456799999999998	0.02213408	2e-12	2e-12	2e-12	0.007975095556444442
*30/*33	0.044880079999999996	2e-12	0.0031840199999999996	3.2e-05	0.0015456799999999998	0.02213408	2e-12	2e-12	2e-12	0.007975095556444442
*30/*34	0.044880079999999996	2e-12	0.0031840199999999996	3.2e-05	0.0015456799999999998	0.02213408	2e-12	2e-12	2e-12	0.007975095556444442
*30/*35	0.044880079999999996	2e-12	0.0031840199999999996	3.2e-05	5.5599999999999996e-05	0.02213408	2e-12	2e-12	2e-12	0.007809531111999999
*30/*4	0.044880079999999996	2e-12	0.0031840199999999996	3.2e-05	0.0015456799999999998	0.02213408	2e-12	2e-12	2e-12	0.007975095556444442
*30/*5	0.044880079999999996	2e-12	0.0031840199999999996	1.6e-05	0.0015456799999999998	0.02213408	2e-12	2e-12	2e-12	0.007973317778666665
*30/*6	0.044880079999999996	2e-12	0.0031840199999999996	3.2e-05	0.0015456799999999998	0.02213408	2e-12	2e-12	2e-12	0.007975095556444442
*30/*7	0.044880079999999996	2e-12	0.0031840199999999996	3.2e-05	0.00011119999999999999	0.02213408	2e-12	2e-12	2e-12	0.007815708889777777
*30/*8	0.044880079999999996	2e-12	0.0031840199999999996	3.2e-05	5.5599999999999996e-05	0.02213408	2e-12	2e-12	2e-12	0.007809531111999999
*30/*9	0.044880079999999996	2e-12	0.0031840199999999996	3.2e-05	0.0015456799999999998	0.00029456	2e-12	2e-12	2e-12	0.00554848222311111
*31/*31	0.022440039999999998	1e-12	0.0015920099999999998	1.6e-05	0.0007728399999999999	0.01106704	1e-12	1e-12	1e-12	0.003987547778222221
*31/*32	0.044880079999999996	2e-12	0.0031840199999999996	3.2e-05	0.0015456799999999998	0.02213408	2e-12	2e-12	2e-12	0.007975095556444442
*31/*33	0.044880079999999996	2e-12	0.0031840199999999996	3.2e-05	0.0015456799999999998	0.02213408	2e-12	2e-12	2e-12	0.007975095556444442
*31/*34	0.044880079999999996	2e-12	0.0031840199999999996	3.2e-05	0.0015456799999999998	0.02213408	2e-12	2e-12	2e-12	0.007975095556444442
*31/*35	0.044880079999999996	2e-12	0.0031840199999999996	3.2e-05	5.5599999999999996e-05	0.02213408	2e-12	2e-12	2e-12	0.007809531111999999
*31/*4	0.044880079999999996	2e-12	0.0031840199999999996	3.2e-05	0.0015456799999999998	0.02213408	2e-12	2e-12	2e-12	0.007975095556444442
*31/*5	0.044880079999999996	2e-12	0.0031840199999999996	1.6e-05	0.0015456799999999998	0.02213408	2e-12	2e-12	2e-12	0.007973317778666665
*31/*6	0.044880079999999996	2e-12	0.0031840199999999996	3.2e-05	0.0015456799999999998	0.02213408	2e-12	2e-12	2e-12	0.007975095556444442
*31/*7	0.044880079999999996	2e-12	0.0031840199999999996	3.2e-05	0.00011119999999999999	0.02213408	2e-12	2e-12	2e-12	0.007815708889777777
*31/*8	0.044880079999999996	2e-12	0.0031840199999999996	3.2e-05	5.5599999999999996e-05	0.02213408	2e-12	2e-12	2e-12	0.007809531111999999
*31/*9	0.044880079999999996	2e-12	0.0031840199999999996	3.2e-05	0.0015456799999999998	0.00029456	2e-12	2e-12	2e-12	0.00554848222311111
*32/*32	0.022440039999999998	1e-12	0.0015920099999999998	1.6e-05	0.0007728399999999999	0.01106704	1e-12	1e-12	1e-12	0.003987547778222221
*32/*33	0.044880079999999996	2e-12	0.0031840199999999996	3.2e-05	0.0015456799999999998	0.02213408	2e-12	2e-12	2e-12	0.007975095556444442
*32/*34	0.044880079999999996	2e-12	0.0031840199999999996	3.2e-05	0.0015456799999999998	0.02213408	2e-12	2e-12	2e-12	0.007975095556444442
*32/*35	0.044880079999999996	2e-12	0.0031840199999999996	3.2e-05	5.5599999999999996e-05	0.02213408	2e-12	2e-12	2e-12	0.007809531111999999
*32/*4	0.044880079999999996	2e-12	0.0031840199999999996	3.2e-05	0.0015456799999999998	0.02213408	2e-12	2e-12	2e-12	0.007975095556444442
*32/*5	0.044880079999999996	2e-12	0.0031840199999999996	1.6e-05	0.0015456799999999998	0.02213408	2e-12	2e-12	2e-12	0.007973317778666665
*32/*6	0.044880079999999996	2e-12	0.0031840199999999996	3.2e-05	0.0015456799999999998	0.02213408	2e-12	2e-12	2e-12	0.007975095556444442
*32/*7	0.044880079999999996	2e-12	0.0031840199999999996	3.2e-05	0.00011119999999999999	0.02213408	2e-12	2e-12	2e-12	0.007815708889777777
*32/*8	0.044880079999999996	2e-12	0.0031840199999999996	3.2e-05	5.5599999999999996e-05	0.02213408	2e-12	2e-12	2e-12	0.007809531111999999
*32/*9	0.044880079999999996	2e-12	0.0031840199999999996	3.2e-05	0.0015456799999999998	0.00029456	2e-12	2e-12	2e-12	0.00554848222311111
*33/*33	0.022440039999999998	1e-12	0.0015920099999999998	1.6e-05	0.0007728399999999999	0.01106704	1e-12	1e-12	1e-12	0.003987547778222221
*33/*34	0.044880079999999996	2e-12	0.0031840199999999996	3.2e-05	0.0015456799999999998	0.02213408	2e-12	2e-12	2e-12	0.007975095556444442
*33/*35	0.044880079999999996	2e-12	0.0031840199999999996	3.2e-05	5.5599999999999996e-05	0.02213408	2e-12	2e-12	2e-12	0.007809531111999999
*33/*4	0.044880079999999996	2e-12	0.0031840199999999996	3.2e-05	0.0015456799999999998	0.02213408	2e-12	2e-12	2e-12	0.007975095556444442
*33/*5	0.044880079999999996	2e-12	0.0031840199999999996	1.6e-05	0.0015456799999999998	0.02213408	2e-12	2e-12	2e-12	0.007973317778666665
*33/*6	0.044880079999999996	2e-12	0.0031840199999999996	3.2e-05	0.0015456799999999998	0.02213408	2e-12	2e-12	2e-12	0.007975095556444442
*33/*7	0.044880079999999996	2e-12	0.0031840199999999996	3.2e-05	0.00011119999999999999	0.02213408	2e-12	2e-12	2e-12	0.007815708889777777
*33/*8	0.044880079999999996	2e-12	0.0031840199999999996	3.2e-05	5.5599999999999996e-05	0.02213408	2e-12	2e-12	2e-12	0.007809531111999999
*33/*9	0.044880079999999996	2e-12	0.0031840199999999996	3.2e-05	0.0015456799999999998	0.00029456	2e-12	2e-12	2e-12	0.00554848222311111
*34/*34	0.022440039999999998	1e-12	0.0015920099999999998	1.6e-05	0.0007728399999999999	0.01106704	1e-12	1e-12	1e-12	0.003987547778222221
*34/*35	0.044880079999999996	2e-12	0.0031840199999999996	3.2e-05	5.5599999999999996e-05	0.02213408	2e-12	2e-12	2e-12	0.007809531111999999
*34/*4	0.044880079999999996	2e-12	0.0031840199999999996	3.2e-05	0.0015456799999999998	0.02213408	2e-12	2e-12	2e-12	0.007975095556444442
*34/*5	0.044880079999999996	2e-12	0.0031840199999999996	1.6e-05	0.0015456799999999998	0.02213408	2e-12	2e-12	2e-12	0.007973317778666665
*34/*6	0.044880079999999996	2e-12	0.0031840199999999996	3.2e-05	0.0015456799999999998	0.02213408	2e-12	2e-12	2e-12	0.007975095556444442
*34/*7	0.044880079999999996	2e-12	0.0031840199999999996	3.2e-05	0.00011119999999999999	0.02213408	2e-12	2e-12	2e-12	0.007815708889777777
*34/*8	0.044880079999999996	2e-12	0.0031840199999999996	3.2e-05	5.5599999999999996e-05	0.02213408	2e-12	2e-12	2e-12	0.007809531111999999
*34/*9	0.044880079999999996	2e-12	0.0031840199999999996	3.2e-05	0.0015456799999999998	0.00029456	2e-12	2e-12	2e-12	0.00554848222311111
*35/*35	0.022440039999999998	1e-12	0.0015920099999999998	1.6e-05	1e-06	0.01106704	1e-12	1e-12	1e-12	0.0039017877782222214
*35/*4	0.044880079999999996	2e-12	0.0031840199999999996	3.2e-05	5.5599999999999996e-05	0.02213408	2e-12	2e-12	2e-12	0.007809531111999999
*35/*5	0.044880079999999996	2e-12	0.0031840199999999996	1.6e-05	5.5599999999999996e-05	0.02213408	2e-12	2e-12	2e-12	0.007807753334222222
*35/*6	0.044880079999999996	2e-12	0.0031840199999999996	3.2e-05	5.5599999999999996e-05	0.02213408	2e-12	2e-12	2e-12	0.007809531111999999
*35/*7	0.044880079999999996	2e-12	0.0031840199999999996	3.2e-05	4e-06	0.02213408	2e-12	2e-12	2e-12	0.0078037977786666645
*35/*8	0.044880079999999996	2e-12	0.0031840199999999996	3.2e-05	2e-06	0.02213408	2e-12	2e-12	2e-12	0.007803575556444443
*35/*9	0.044880079999999996	2e-12	0.0031840199999999996	3.2e-05	5.5599999999999996e-05	0.00029456	2e-12	2e-12	2e-12	0.005382917778666665
*4/*4	0.022440039999999998	1e-12	0.0015920099999999998	1.6e-05	0.0007728399999999999	0.01106704	1e-12	1e-12	1e-12	0.003987547778222221
*4/*5	0.044880079999999996	2e-12	0.0031840199999999996	1.6e-05	0.0015456799999999998	0.02213408	2e-12	2e-12	2e-12	0.007973317778666665
*4/*6	0.044880079999999996	2e-12	0.0031840199999999996	3.2e-05	0.0015456799999999998	0.02213408	2e-12	2e-12	2e-12	0.007975095556444442
*4/*7	0.044880079999999996	2e-12	0.0031840199999999996	3.2e-05	0.00011119999999999999	0.02213408	2e-12	2e-12	2e-12	0.007815708889777777
*4/*8	0.044880079999999996	2e-12	0.0031840199999999996	3.2e-05	5.5599999999999996e-05	0.02213408	2e-12	2e-12	2e-12	0.007809531111999999
*4/*9	0.044880079999999996	2e-12	0.0031840199999999996	3.2e-05	0.0015456799999999998	0.00029456	2e-12	2e-12	2e-12	0.00554848222311111
*5/*5	0.022440039999999998	1e-12	0.0015920099999999998	4e-06	0.0007728399999999999	0.01106704	1e-12	1e-12	1e-12	0.003986214444888888
*5/*6	0.044880079999999996	2e-12	0.0031840199999999996	1.6e-05	0.0015456799999999998	0.02213408	2e-12	2e-12	2e-12	0.007973317778666665
*5/*7	0.044880079999999996	2e-12	0.0031840199999999996	1.6e-05	0.00011119999999999999	0.02213408	2e-12	2e-12	2e-12	0.007813931112
*5/*8	0.044880079999999996	2e-12	0.0031840199999999996	1.6e-05	5.5599999999999996e-05	0.02213408	2e-12	2e-12	2e-12	0.007807753334222222
*5/*9	0.044880079999999996	2e-12	0.0031840199999999996	1.6e-05	0.0015456799999999998	0.00029456	2e-12	2e-12	2e-12	0.005546704445333332
*6/*6	0.022440039999999998	1e-12	0.0015920099999999998	1.6e-05	0.0007728399999999999	0.01106704	1e-12	1e-12	1e-12	0.003987547778222221
*6/*7	0.044880079999999996	2e-12	0.0031840199999999996	3.2e-05	0.00011119999999999999	0.02213408	2e-12	2e-12	2e-12	0.007815708889777777
*6/*8	0.044880079999999996	2e-12	0.0031840199999999996	3.2e-05	5.5599999999999996e-05	0.02213408	2e-12	2e-12	2e-12	0.007809531111999999
*6/*9	0.044880079999999996	2e-12	0.0031840199999999996	3.2e-05	0.0015456799999999998	0.00029456	2e-12	2e-12	2e-12	0.00554848222311111
*7/*7	0.022440039999999998	1e-12	0.0015920099999999998	1.6e-05	4e-06	0.01106704	1e-12	1e-12	1e-12	0.003902121111555555
*7/*8	0.044880079999999996	2e-12	0.0031840199999999996	3.2e-05	4e-06	0.02213408	2e-12	2e-12	2e-12	0.0078037977786666645
*7/*9	0.044880079999999996	2e-12	0.0031840199999999996	3.2e-05	0.00011119999999999999	0.00029456	2e-12	2e-12	2e-12	0.005389095556444443
*8/*8	0.022440039999999998	1e-12	0.0015920099999999998	1.6e-05	1e-06	0.01106704	1e-12	1e-12	1e-12	0.0039017877782222214
*8/*9	0.044880079999999996	2e-12	0.0031840199999999996	3.2e-05	5.5599999999999996e-05	0.00029456	2e-12	2e-12	2e-12	0.005382917778666665
*9/*9	0.022440039999999998	1e-12	0.0015920099999999998	1.6e-05	0.0007728399999999999	1.96e-06	1e-12	1e-12	1e-12	0.002758094444888888
