	African_American_Afro_Caribbean	American	Central_South_Asian	East_Asian	European	Latino	Near_Eastern	Oceanian	Sub_Saharan_African	Global
1095T>C/1095T>C	1e-12	1e-12	4.9e-07	2.25e-06	3.5999999999999994e-07	1e-12	0.0	1e-12	0.0	3.4444488888888884e-07
1095T>C/1189T>C	2e-12	2e-12	9.38e-06	2.1000000000000002e-06	6.791999999999999e-05	2e-12	0.0	2e-12	0.0	8.822223111111112e-06
1095T>C/1243T>C	2e-12	2e-12	3.654e-05	2.1000000000000002e-06	2.796e-05	2e-12	0.0	2e-12	0.0	7.400000888888889e-06
1095T>C/1494C>T	2e-12	2e-12	9.8e-07	0.0	3.5999999999999994e-07	2e-12	0.0	2e-12	0.0	1.4888977777777778e-07
1095T>C/1520T>C	2e-12	2e-12	0.0	2.64e-05	2.4e-07	2e-12	0.0	2e-12	0.0	2.960000888888889e-06
1095T>C/1537C>T	2e-12	2e-12	0.0	0.0	4.8e-07	2e-12	0.0	2e-12	0.0	5.333422222222221e-08
1095T>C/1555A>G	2e-12	2e-12	1.54e-06	5.4300000000000005e-05	1.32e-06	2e-12	0.0	2e-12	0.0	6.351112e-06
1095T>C/1556C>T	2e-12	2e-12	0.0	0.0	0.0	2e-12	0.0	2e-12	0.0	8.888888888888889e-13
1095T>C/663A>G	2e-12	2e-12	4.62e-06	0.0001497	1.8e-06	2e-12	0.0	2e-12	0.0	1.7346667555555555e-05
1095T>C/669T>C	2e-12	2e-12	0.0	0.0	2.9999999999999997e-06	2e-12	0.0	2e-12	0.0	3.333342222222222e-07
1095T>C/747A>G	2e-12	2e-12	1.82e-06	0.0	0.0	2e-12	0.0	2e-12	0.0	2.022231111111111e-07
1095T>C/786G>A	2e-12	2e-12	0.0	0.0	0.0	2e-12	0.0	2e-12	0.0	8.888888888888889e-13
1095T>C/807A>C	2e-12	2e-12	1.4e-09	3e-09	1.1999999999999998e-09	2e-12	0.0	2e-12	0.0	6.231111111111111e-10
1095T>C/807A>G	2e-12	2e-12	1.4e-09	3e-09	1.1999999999999998e-09	2e-12	0.0	2e-12	0.0	6.231111111111111e-10
1095T>C/827A>G	2e-12	2e-12	0.0	0.0001059	2.1599999999999996e-06	2e-12	0.0	2e-12	0.0	1.2006667555555557e-05
1095T>C/839A>G	2e-12	2e-12	0.0	0.0	1.2e-07	2e-12	0.0	2e-12	0.0	1.3334222222222222e-08
1095T>C/896A>G	2e-12	2e-12	0.0	0.0	3.6e-06	2e-12	0.0	2e-12	0.0	4.000008888888889e-07
1095T>C/930A>G	2e-12	2e-12	1.036e-05	1.23e-05	5.184e-05	2e-12	0.0	2e-12	0.0	8.277778666666668e-06
1095T>C/951G>A	2e-12	2e-12	9.8e-07	1.0199999999999999e-05	1.5479999999999997e-05	2e-12	0.0	2e-12	0.0	2.9622231111111103e-06
1095T>C/960C>del	2e-12	2e-12	1.4e-09	3e-09	1.1999999999999998e-09	2e-12	0.0	2e-12	0.0	6.231111111111111e-10
1095T>C/961T>G	2e-12	2e-12	0.0	0.0	1.644e-05	2e-12	0.0	2e-12	0.0	1.8266675555555553e-06
1095T>C/961T>del	2e-12	2e-12	1.4e-09	3e-09	1.1999999999999998e-09	2e-12	0.0	2e-12	0.0	6.231111111111111e-10
1095T>C/961T>del+Cn	2e-12	2e-12	1.4e-09	0.0001485	3.1199999999999998e-06	2e-12	0.0	2e-12	0.0	1.684682311111111e-05
1095T>C/988G>A	2e-12	2e-12	0.0	0.0	1.32e-06	2e-12	0.0	2e-12	0.0	1.4666755555555557e-07
1095T>C/Reference	2e-12	2e-12	0.00136948	0.0029325	0.0011833199999999999	2e-12	0.0	2e-12	0.0	0.0006094777786666667
1189T>C/1189T>C	1e-12	1e-12	4.4890000000000006e-05	4.9e-07	0.00320356	1e-12	0.05221225	1e-12	1e-12	0.0061623544450000005
1189T>C/1243T>C	2e-12	2e-12	0.00034974	9.8e-07	0.00263756	2e-12	0.007449099999999999	2e-12	2e-12	0.00115970889
1189T>C/1494C>T	2e-12	2e-12	9.38e-06	0.0	3.395999999999999e-05	2e-12	0.0	2e-12	0.0	4.815556444444443e-06
1189T>C/1520T>C	2e-12	2e-12	0.0	1.232e-05	2.264e-05	2e-12	0.0	2e-12	2e-12	3.884445555555555e-06
1189T>C/1537C>T	2e-12	2e-12	0.0	0.0	4.528e-05	2e-12	0.0	2e-12	2e-12	5.031112222222221e-06
1189T>C/1555A>G	2e-12	2e-12	1.4740000000000001e-05	2.534e-05	0.00012452	2e-12	0.0006398	2e-12	6e-09	8.937844533333333e-05
1189T>C/1556C>T	2e-12	2e-12	0.0	0.0	0.0	2e-12	0.0	2e-12	2e-12	1.111111111111111e-12
1189T>C/663A>G	2e-12	2e-12	4.422e-05	6.986e-05	0.0001698	2e-12	0.0	2e-12	2e-12	3.154222333333333e-05
1189T>C/669T>C	2e-12	2e-12	0.0	0.0	0.000283	2e-12	0.0	2e-12	2e-12	3.144444555555555e-05
1189T>C/747A>G	2e-12	2e-12	1.742e-05	0.0	0.0	2e-12	0.0	2e-12	2e-12	1.9355566666666665e-06
1189T>C/786G>A	2e-12	2e-12	0.0	0.0	0.0	2e-12	0.0	2e-12	2e-12	1.111111111111111e-12
1189T>C/807A>C	2e-12	2e-12	1.34e-08	1.4e-09	1.132e-07	2e-12	4.57e-07	2e-12	2e-12	6.50011111111111e-08
1189T>C/807A>G	2e-12	2e-12	1.34e-08	1.4e-09	1.132e-07	2e-12	4.57e-07	2e-12	2e-12	6.50011111111111e-08
1189T>C/827A>G	2e-12	2e-12	0.0	4.942e-05	0.00020376	2e-12	0.0	2e-12	0.0	2.8131111999999995e-05
1189T>C/839A>G	2e-12	2e-12	0.0	0.0	1.132e-05	2e-12	0.0	2e-12	2e-12	1.257778888888889e-06
1189T>C/896A>G	2e-12	2e-12	0.0	0.0	0.0003396	2e-12	0.0	2e-12	2e-12	3.773333444444444e-05
1189T>C/930A>G	2e-12	2e-12	9.916e-05	5.74e-06	0.00489024	2e-12	0.0155837	2e-12	2e-12	0.002286537778888889
1189T>C/951G>A	2e-12	2e-12	9.38e-06	4.759999999999999e-06	0.00146028	2e-12	0.0	2e-12	2e-12	0.00016382444555555555
1189T>C/960C>del	2e-12	2e-12	1.34e-08	1.4e-09	1.132e-07	2e-12	4.57e-07	2e-12	2e-12	6.50011111111111e-08
1189T>C/961T>G	2e-12	2e-12	0.0	0.0	0.00155084	2e-12	0.0022393	2e-12	0.0	0.00042112666755555556
1189T>C/961T>del	2e-12	2e-12	1.34e-08	1.4e-09	1.132e-07	2e-12	4.57e-07	2e-12	2e-12	6.50011111111111e-08
1189T>C/961T>del+Cn	2e-12	2e-12	1.34e-08	6.93e-05	0.00029432	2e-12	4.57e-07	2e-12	1.3719999999999998e-07	4.046973422222222e-05
1189T>C/988G>A	2e-12	2e-12	0.0	0.0	0.00012452	2e-12	0.0	2e-12	2e-12	1.3835556666666666e-05
1189T>C/Reference	2e-12	2e-12	0.01310788	0.0013685000000000001	0.11162651999999999	2e-12	0.414499	2e-12	1.9482e-06	0.06006709424533333
1243T>C/1243T>C	1e-12	1e-12	0.0006812100000000001	4.9e-07	0.0005428900000000001	1e-12	0.00026568999999999996	1e-12	1e-12	0.00016558666722222223
1243T>C/1494C>T	2e-12	2e-12	3.654e-05	0.0	1.398e-05	2e-12	0.0	2e-12	0.0	5.613334222222222e-06
1243T>C/1520T>C	2e-12	2e-12	0.0	1.232e-05	9.32e-06	2e-12	0.0	2e-12	2e-12	2.4044455555555553e-06
1243T>C/1537C>T	2e-12	2e-12	0.0	0.0	1.864e-05	2e-12	0.0	2e-12	2e-12	2.071112222222222e-06
1243T>C/1555A>G	2e-12	2e-12	5.742000000000001e-05	2.534e-05	5.126000000000001e-05	2e-12	4.564e-05	2e-12	6e-09	1.996288977777778e-05
1243T>C/1556C>T	2e-12	2e-12	0.0	0.0	0.0	2e-12	0.0	2e-12	2e-12	1.111111111111111e-12
1243T>C/663A>G	2e-12	2e-12	0.00017226	6.986e-05	6.99e-05	2e-12	0.0	2e-12	2e-12	3.466889e-05
1243T>C/669T>C	2e-12	2e-12	0.0	0.0	0.00011650000000000001	2e-12	0.0	2e-12	2e-12	1.2944445555555558e-05
1243T>C/747A>G	2e-12	2e-12	6.786e-05	0.0	0.0	2e-12	0.0	2e-12	2e-12	7.540001111111113e-06
1243T>C/786G>A	2e-12	2e-12	0.0	0.0	0.0	2e-12	0.0	2e-12	2e-12	1.111111111111111e-12
1243T>C/807A>C	2e-12	2e-12	5.2200000000000004e-08	1.4e-09	4.66e-08	2e-12	3.2599999999999994e-08	2e-12	2e-12	1.4756666666666668e-08
1243T>C/807A>G	2e-12	2e-12	5.2200000000000004e-08	1.4e-09	4.66e-08	2e-12	3.2599999999999994e-08	2e-12	2e-12	1.4756666666666668e-08
1243T>C/827A>G	2e-12	2e-12	0.0	4.942e-05	8.388e-05	2e-12	0.0	2e-12	0.0	1.4811111999999997e-05
1243T>C/839A>G	2e-12	2e-12	0.0	0.0	4.66e-06	2e-12	0.0	2e-12	2e-12	5.177788888888888e-07
1243T>C/896A>G	2e-12	2e-12	0.0	0.0	0.0001398	2e-12	0.0	2e-12	2e-12	1.5533334444444444e-05
1243T>C/930A>G	2e-12	2e-12	0.00038628	5.74e-06	0.00201312	2e-12	0.0011116599999999998	2e-12	2e-12	0.0003907555566666666
1243T>C/951G>A	2e-12	2e-12	3.654e-05	4.759999999999999e-06	0.00060114	2e-12	0.0	2e-12	2e-12	7.138222333333333e-05
1243T>C/960C>del	2e-12	2e-12	5.2200000000000004e-08	1.4e-09	4.66e-08	2e-12	3.2599999999999994e-08	2e-12	2e-12	1.4756666666666668e-08
1243T>C/961T>G	2e-12	2e-12	0.0	0.0	0.00063842	2e-12	0.00015973999999999999	2e-12	0.0	8.868444533333333e-05
1243T>C/961T>del	2e-12	2e-12	5.2200000000000004e-08	1.4e-09	4.66e-08	2e-12	3.2599999999999994e-08	2e-12	2e-12	1.4756666666666668e-08
1243T>C/961T>del+Cn	2e-12	2e-12	5.2200000000000004e-08	6.93e-05	0.00012116	2e-12	3.2599999999999994e-08	2e-12	1.3719999999999998e-07	2.1186889777777777e-05
1243T>C/988G>A	2e-12	2e-12	0.0	0.0	5.126000000000001e-05	2e-12	0.0	2e-12	2e-12	5.695556666666667e-06
1243T>C/Reference	2e-12	2e-12	0.05106204	0.0013685000000000001	0.04595226	2e-12	0.0295682	2e-12	1.9482e-06	0.014216994245333335
1494C>T/1494C>T	1e-12	1e-12	4.9e-07	0.0	8.999999999999999e-08	1e-12	0.0	1e-12	0.0	6.444488888888888e-08
1494C>T/1520T>C	2e-12	2e-12	0.0	0.0	1.2e-07	2e-12	0.0	2e-12	0.0	1.3334222222222222e-08
1494C>T/1537C>T	2e-12	2e-12	0.0	0.0	2.4e-07	2e-12	0.0	2e-12	0.0	2.6667555555555554e-08
1494C>T/1555A>G	2e-12	2e-12	1.54e-06	0.0	6.6e-07	2e-12	0.0	2e-12	0.0	2.4444533333333336e-07
1494C>T/1556C>T	2e-12	2e-12	0.0	0.0	0.0	2e-12	0.0	2e-12	0.0	8.888888888888889e-13
1494C>T/663A>G	2e-12	2e-12	4.62e-06	0.0	9e-07	2e-12	0.0	2e-12	0.0	6.133342222222221e-07
1494C>T/669T>C	2e-12	2e-12	0.0	0.0	1.4999999999999998e-06	2e-12	0.0	2e-12	0.0	1.6666755555555554e-07
1494C>T/747A>G	2e-12	2e-12	1.82e-06	0.0	0.0	2e-12	0.0	2e-12	0.0	2.022231111111111e-07
1494C>T/786G>A	2e-12	2e-12	0.0	0.0	0.0	2e-12	0.0	2e-12	0.0	8.888888888888889e-13
1494C>T/807A>C	2e-12	2e-12	1.4e-09	0.0	5.999999999999999e-10	2e-12	0.0	2e-12	0.0	2.2311111111111113e-10
1494C>T/807A>G	2e-12	2e-12	1.4e-09	0.0	5.999999999999999e-10	2e-12	0.0	2e-12	0.0	2.2311111111111113e-10
1494C>T/827A>G	2e-12	2e-12	0.0	0.0	1.0799999999999998e-06	2e-12	0.0	2e-12	0.0	1.2000088888888888e-07
1494C>T/839A>G	2e-12	2e-12	0.0	0.0	6e-08	2e-12	0.0	2e-12	0.0	6.667555555555556e-09
1494C>T/896A>G	2e-12	2e-12	0.0	0.0	1.8e-06	2e-12	0.0	2e-12	0.0	2.0000088888888888e-07
1494C>T/930A>G	2e-12	2e-12	1.036e-05	0.0	2.592e-05	2e-12	0.0	2e-12	0.0	4.031111999999999e-06
1494C>T/951G>A	2e-12	2e-12	9.8e-07	0.0	7.739999999999999e-06	2e-12	0.0	2e-12	0.0	9.688897777777777e-07
1494C>T/960C>del	2e-12	2e-12	1.4e-09	0.0	5.999999999999999e-10	2e-12	0.0	2e-12	0.0	2.2311111111111113e-10
1494C>T/961T>G	2e-12	2e-12	0.0	0.0	8.22e-06	2e-12	0.0	2e-12	0.0	9.133342222222221e-07
1494C>T/961T>del	2e-12	2e-12	1.4e-09	0.0	5.999999999999999e-10	2e-12	0.0	2e-12	0.0	2.2311111111111113e-10
1494C>T/961T>del+Cn	2e-12	2e-12	1.4e-09	0.0	1.5599999999999999e-06	2e-12	0.0	2e-12	0.0	1.7348977777777777e-07
1494C>T/988G>A	2e-12	2e-12	0.0	0.0	6.6e-07	2e-12	0.0	2e-12	0.0	7.333422222222222e-08
1494C>T/Reference	2e-12	2e-12	0.00136948	0.0	0.0005916599999999999	2e-12	0.0	2e-12	0.0	0.00021790444533333335
1520T>C/1520T>C	1e-12	1e-12	0.0	7.744e-05	4e-08	1e-12	0.0	1e-12	1e-12	8.608889444444445e-06
1520T>C/1537C>T	2e-12	2e-12	0.0	0.0	1.6e-07	2e-12	0.0	2e-12	2e-12	1.777888888888889e-08
1520T>C/1555A>G	2e-12	2e-12	0.0	0.00031856000000000007	4.4e-07	2e-12	0.0	2e-12	6e-09	3.5445112000000003e-05
1520T>C/1556C>T	2e-12	2e-12	0.0	0.0	0.0	2e-12	0.0	2e-12	2e-12	1.111111111111111e-12
1520T>C/663A>G	2e-12	2e-12	0.0	0.0008782400000000001	6.000000000000001e-07	2e-12	0.0	2e-12	2e-12	9.764889e-05
1520T>C/669T>C	2e-12	2e-12	0.0	0.0	1.0000000000000002e-06	2e-12	0.0	2e-12	2e-12	1.1111222222222225e-07
1520T>C/747A>G	2e-12	2e-12	0.0	0.0	0.0	2e-12	0.0	2e-12	2e-12	1.111111111111111e-12
1520T>C/786G>A	2e-12	2e-12	0.0	0.0	0.0	2e-12	0.0	2e-12	2e-12	1.111111111111111e-12
1520T>C/807A>C	2e-12	2e-12	0.0	1.76e-08	4e-10	2e-12	0.0	2e-12	2e-12	2.001111111111111e-09
1520T>C/807A>G	2e-12	2e-12	0.0	1.76e-08	4e-10	2e-12	0.0	2e-12	2e-12	2.001111111111111e-09
1520T>C/827A>G	2e-12	2e-12	0.0	0.00062128	7.2e-07	2e-12	0.0	2e-12	0.0	6.9111112e-05
1520T>C/839A>G	2e-12	2e-12	0.0	0.0	4e-08	2e-12	0.0	2e-12	2e-12	4.445555555555556e-09
1520T>C/896A>G	2e-12	2e-12	0.0	0.0	1.2000000000000002e-06	2e-12	0.0	2e-12	2e-12	1.3333444444444448e-07
1520T>C/930A>G	2e-12	2e-12	0.0	7.216000000000001e-05	1.728e-05	2e-12	0.0	2e-12	2e-12	9.937778888888892e-06
1520T>C/951G>A	2e-12	2e-12	0.0	5.984e-05	5.1600000000000006e-06	2e-12	0.0	2e-12	2e-12	7.222223333333336e-06
1520T>C/960C>del	2e-12	2e-12	0.0	1.76e-08	4e-10	2e-12	0.0	2e-12	2e-12	2.001111111111111e-09
1520T>C/961T>G	2e-12	2e-12	0.0	0.0	5.48e-06	2e-12	0.0	2e-12	0.0	6.088897777777777e-07
1520T>C/961T>del	2e-12	2e-12	0.0	1.76e-08	4e-10	2e-12	0.0	2e-12	2e-12	2.001111111111111e-09
1520T>C/961T>del+Cn	2e-12	2e-12	0.0	0.0008712000000000001	1.04e-06	2e-12	0.0	2e-12	1.3719999999999998e-07	9.69308008888889e-05
1520T>C/988G>A	2e-12	2e-12	0.0	0.0	4.4e-07	2e-12	0.0	2e-12	2e-12	4.889e-08
1520T>C/Reference	2e-12	2e-12	0.0	0.017204	0.00039444	2e-12	0.0	2e-12	1.9482e-06	0.001955598689777778
1537C>T/1537C>T	1e-12	1e-12	0.0	0.0	1.6e-07	1e-12	0.0	1e-12	1e-12	1.7778333333333335e-08
1537C>T/1555A>G	2e-12	2e-12	0.0	0.0	8.8e-07	2e-12	0.0	2e-12	6e-09	9.844533333333334e-08
1537C>T/1556C>T	2e-12	2e-12	0.0	0.0	0.0	2e-12	0.0	2e-12	2e-12	1.111111111111111e-12
1537C>T/663A>G	2e-12	2e-12	0.0	0.0	1.2000000000000002e-06	2e-12	0.0	2e-12	2e-12	1.3333444444444448e-07
1537C>T/669T>C	2e-12	2e-12	0.0	0.0	2.0000000000000003e-06	2e-12	0.0	2e-12	2e-12	2.222233333333334e-07
1537C>T/747A>G	2e-12	2e-12	0.0	0.0	0.0	2e-12	0.0	2e-12	2e-12	1.111111111111111e-12
1537C>T/786G>A	2e-12	2e-12	0.0	0.0	0.0	2e-12	0.0	2e-12	2e-12	1.111111111111111e-12
1537C>T/807A>C	2e-12	2e-12	0.0	0.0	8e-10	2e-12	0.0	2e-12	2e-12	9e-11
1537C>T/807A>G	2e-12	2e-12	0.0	0.0	8e-10	2e-12	0.0	2e-12	2e-12	9e-11
1537C>T/827A>G	2e-12	2e-12	0.0	0.0	1.44e-06	2e-12	0.0	2e-12	0.0	1.600008888888889e-07
1537C>T/839A>G	2e-12	2e-12	0.0	0.0	8e-08	2e-12	0.0	2e-12	2e-12	8.890000000000002e-09
1537C>T/896A>G	2e-12	2e-12	0.0	0.0	2.4000000000000003e-06	2e-12	0.0	2e-12	2e-12	2.6666777777777787e-07
1537C>T/930A>G	2e-12	2e-12	0.0	0.0	3.456e-05	2e-12	0.0	2e-12	2e-12	3.84000111111111e-06
1537C>T/951G>A	2e-12	2e-12	0.0	0.0	1.0320000000000001e-05	2e-12	0.0	2e-12	2e-12	1.146667777777778e-06
1537C>T/960C>del	2e-12	2e-12	0.0	0.0	8e-10	2e-12	0.0	2e-12	2e-12	9e-11
1537C>T/961T>G	2e-12	2e-12	0.0	0.0	1.096e-05	2e-12	0.0	2e-12	0.0	1.2177786666666667e-06
1537C>T/961T>del	2e-12	2e-12	0.0	0.0	8e-10	2e-12	0.0	2e-12	2e-12	9e-11
1537C>T/961T>del+Cn	2e-12	2e-12	0.0	0.0	2.08e-06	2e-12	0.0	2e-12	1.3719999999999998e-07	2.463564444444445e-07
1537C>T/988G>A	2e-12	2e-12	0.0	0.0	8.8e-07	2e-12	0.0	2e-12	2e-12	9.777888888888888e-08
1537C>T/Reference	2e-12	2e-12	0.0	0.0	0.00078888	2e-12	0.0	2e-12	1.9482e-06	8.786980088888888e-05
1555A>G/1555A>G	1e-12	1e-12	1.21e-06	0.00032761000000000004	1.21e-06	1e-12	1.96e-06	1e-12	9e-06	3.788777822222223e-05
1555A>G/1556C>T	2e-12	2e-12	0.0	0.0	0.0	2e-12	0.0	2e-12	6e-09	6.675555555555556e-10
1555A>G/663A>G	2e-12	2e-12	7.260000000000001e-06	0.0018063800000000002	3.3e-06	2e-12	0.0	2e-12	6e-09	0.00020188288977777781
1555A>G/669T>C	2e-12	2e-12	0.0	0.0	5.500000000000001e-06	2e-12	0.0	2e-12	6e-09	6.117786666666666e-07
1555A>G/747A>G	2e-12	2e-12	2.86e-06	0.0	0.0	2e-12	0.0	2e-12	6e-09	3.1844533333333336e-07
1555A>G/786G>A	2e-12	2e-12	0.0	0.0	0.0	2e-12	0.0	2e-12	6e-09	6.675555555555556e-10
1555A>G/807A>C	2e-12	2e-12	2.2e-09	3.62e-08	2.2e-09	2e-12	2.8e-09	2e-12	6e-09	5.489777777777778e-09
1555A>G/807A>G	2e-12	2e-12	2.2e-09	3.62e-08	2.2e-09	2e-12	2.8e-09	2e-12	6e-09	5.489777777777778e-09
1555A>G/827A>G	2e-12	2e-12	0.0	0.00127786	3.96e-06	2e-12	0.0	2e-12	0.0	0.00014242444533333332
1555A>G/839A>G	2e-12	2e-12	0.0	0.0	2.2e-07	2e-12	0.0	2e-12	6e-09	2.5112000000000003e-08
1555A>G/896A>G	2e-12	2e-12	0.0	0.0	6.6e-06	2e-12	0.0	2e-12	6e-09	7.340008888888888e-07
1555A>G/930A>G	2e-12	2e-12	1.6280000000000003e-05	0.00014842000000000002	9.504000000000001e-05	2e-12	9.548e-05	2e-12	6e-09	3.946955644444445e-05
1555A>G/951G>A	2e-12	2e-12	1.54e-06	0.00012308	2.8380000000000003e-05	2e-12	0.0	2e-12	6e-09	1.7000667555555555e-05
1555A>G/960C>del	2e-12	2e-12	2.2e-09	3.62e-08	2.2e-09	2e-12	2.8e-09	2e-12	6e-09	5.489777777777778e-09
1555A>G/961T>G	2e-12	2e-12	0.0	0.0	3.0140000000000003e-05	2e-12	1.3719999999999999e-05	2e-12	0.0	4.873334222222222e-06
1555A>G/961T>del	2e-12	2e-12	2.2e-09	3.62e-08	2.2e-09	2e-12	2.8e-09	2e-12	6e-09	5.489777777777778e-09
1555A>G/961T>del+Cn	2e-12	2e-12	2.2e-09	0.0017919000000000001	5.72e-06	2e-12	2.8e-09	2e-12	0.0004116	0.00024546944533333336
1555A>G/988G>A	2e-12	2e-12	0.0	0.0	2.42e-06	2e-12	0.0	2e-12	6e-09	2.695564444444445e-07
1555A>G/Reference	2e-12	2e-12	0.00215204	0.03538550000000001	0.00216942	2e-12	0.0025396	2e-12	0.0058446	0.005343462223111111
1556C>T/1556C>T	1e-12	1e-12	0.0	0.0	0.0	1e-12	0.0	1e-12	1e-12	5.555555555555555e-13
1556C>T/663A>G	2e-12	2e-12	0.0	0.0	0.0	2e-12	0.0	2e-12	2e-12	1.111111111111111e-12
1556C>T/669T>C	2e-12	2e-12	0.0	0.0	0.0	2e-12	0.0	2e-12	2e-12	1.111111111111111e-12
1556C>T/747A>G	2e-12	2e-12	0.0	0.0	0.0	2e-12	0.0	2e-12	2e-12	1.111111111111111e-12
1556C>T/786G>A	2e-12	2e-12	0.0	0.0	0.0	2e-12	0.0	2e-12	2e-12	1.111111111111111e-12
1556C>T/807A>C	2e-12	2e-12	0.0	0.0	0.0	2e-12	0.0	2e-12	2e-12	1.111111111111111e-12
1556C>T/807A>G	2e-12	2e-12	0.0	0.0	0.0	2e-12	0.0	2e-12	2e-12	1.111111111111111e-12
1556C>T/827A>G	2e-12	2e-12	0.0	0.0	0.0	2e-12	0.0	2e-12	0.0	8.888888888888889e-13
1556C>T/839A>G	2e-12	2e-12	0.0	0.0	0.0	2e-12	0.0	2e-12	2e-12	1.111111111111111e-12
1556C>T/896A>G	2e-12	2e-12	0.0	0.0	0.0	2e-12	0.0	2e-12	2e-12	1.111111111111111e-12
1556C>T/930A>G	2e-12	2e-12	0.0	0.0	0.0	2e-12	0.0	2e-12	2e-12	1.111111111111111e-12
1556C>T/951G>A	2e-12	2e-12	0.0	0.0	0.0	2e-12	0.0	2e-12	2e-12	1.111111111111111e-12
1556C>T/960C>del	2e-12	2e-12	0.0	0.0	0.0	2e-12	0.0	2e-12	2e-12	1.111111111111111e-12
1556C>T/961T>G	2e-12	2e-12	0.0	0.0	0.0	2e-12	0.0	2e-12	0.0	8.888888888888889e-13
1556C>T/961T>del	2e-12	2e-12	0.0	0.0	0.0	2e-12	0.0	2e-12	2e-12	1.111111111111111e-12
1556C>T/961T>del+Cn	2e-12	2e-12	0.0	0.0	0.0	2e-12	0.0	2e-12	1.3719999999999998e-07	1.524533333333333e-08
1556C>T/988G>A	2e-12	2e-12	0.0	0.0	0.0	2e-12	0.0	2e-12	2e-12	1.111111111111111e-12
1556C>T/Reference	2e-12	2e-12	0.0	0.0	0.0	2e-12	0.0	2e-12	1.9482e-06	2.1646755555555552e-07
663A>G/663A>G	1e-12	1e-12	1.0889999999999999e-05	0.00249001	2.25e-06	1e-12	0.0	1e-12	1e-12	0.0002781277783333333
663A>G/669T>C	2e-12	2e-12	0.0	0.0	7.5e-06	2e-12	0.0	2e-12	2e-12	8.333344444444444e-07
663A>G/747A>G	2e-12	2e-12	8.58e-06	0.0	0.0	2e-12	0.0	2e-12	2e-12	9.533344444444444e-07
663A>G/786G>A	2e-12	2e-12	0.0	0.0	0.0	2e-12	0.0	2e-12	2e-12	1.111111111111111e-12
663A>G/807A>C	2e-12	2e-12	6.5999999999999995e-09	9.98e-08	3e-09	2e-12	0.0	2e-12	2e-12	1.2156666666666667e-08
663A>G/807A>G	2e-12	2e-12	6.5999999999999995e-09	9.98e-08	3e-09	2e-12	0.0	2e-12	2e-12	1.2156666666666667e-08
663A>G/827A>G	2e-12	2e-12	0.0	0.00352294	5.4e-06	2e-12	0.0	2e-12	0.0	0.00039203777866666665
663A>G/839A>G	2e-12	2e-12	0.0	0.0	3.0000000000000004e-07	2e-12	0.0	2e-12	2e-12	3.333444444444445e-08
663A>G/896A>G	2e-12	2e-12	0.0	0.0	9e-06	2e-12	0.0	2e-12	2e-12	1.0000011111111113e-06
663A>G/930A>G	2e-12	2e-12	4.884e-05	0.00040918000000000004	0.0001296	2e-12	0.0	2e-12	2e-12	6.529111222222222e-05
663A>G/951G>A	2e-12	2e-12	4.62e-06	0.00033932	3.87e-05	2e-12	0.0	2e-12	2e-12	4.251555666666666e-05
663A>G/960C>del	2e-12	2e-12	6.5999999999999995e-09	9.98e-08	3e-09	2e-12	0.0	2e-12	2e-12	1.2156666666666667e-08
663A>G/961T>G	2e-12	2e-12	0.0	0.0	4.11e-05	2e-12	0.0	2e-12	0.0	4.566667555555555e-06
663A>G/961T>del	2e-12	2e-12	6.5999999999999995e-09	9.98e-08	3e-09	2e-12	0.0	2e-12	2e-12	1.2156666666666667e-08
663A>G/961T>del+Cn	2e-12	2e-12	6.5999999999999995e-09	0.0049401	7.8e-06	2e-12	0.0	2e-12	1.3719999999999998e-07	0.0005497826453333333
663A>G/988G>A	2e-12	2e-12	0.0	0.0	3.3e-06	2e-12	0.0	2e-12	2e-12	3.666677777777778e-07
663A>G/Reference	2e-12	2e-12	0.00645612	0.0975545	0.0029583	2e-12	0.0	2e-12	1.9482e-06	0.011885652023111112
669T>C/669T>C	1e-12	1e-12	0.0	0.0	6.25e-06	1e-12	0.0	1e-12	1e-12	6.94445e-07
669T>C/747A>G	2e-12	2e-12	0.0	0.0	0.0	2e-12	0.0	2e-12	2e-12	1.111111111111111e-12
669T>C/786G>A	2e-12	2e-12	0.0	0.0	0.0	2e-12	0.0	2e-12	2e-12	1.111111111111111e-12
669T>C/807A>C	2e-12	2e-12	0.0	0.0	5e-09	2e-12	0.0	2e-12	2e-12	5.566666666666666e-10
669T>C/807A>G	2e-12	2e-12	0.0	0.0	5e-09	2e-12	0.0	2e-12	2e-12	5.566666666666666e-10
669T>C/827A>G	2e-12	2e-12	0.0	0.0	9e-06	2e-12	0.0	2e-12	0.0	1.0000008888888889e-06
669T>C/839A>G	2e-12	2e-12	0.0	0.0	5.000000000000001e-07	2e-12	0.0	2e-12	2e-12	5.5556666666666657e-08
669T>C/896A>G	2e-12	2e-12	0.0	0.0	1.5e-05	2e-12	0.0	2e-12	2e-12	1.6666677777777778e-06
669T>C/930A>G	2e-12	2e-12	0.0	0.0	0.00021600000000000002	2e-12	0.0	2e-12	2e-12	2.4000001111111112e-05
669T>C/951G>A	2e-12	2e-12	0.0	0.0	6.45e-05	2e-12	0.0	2e-12	2e-12	7.1666677777777785e-06
669T>C/960C>del	2e-12	2e-12	0.0	0.0	5e-09	2e-12	0.0	2e-12	2e-12	5.566666666666666e-10
669T>C/961T>G	2e-12	2e-12	0.0	0.0	6.85e-05	2e-12	0.0	2e-12	0.0	7.611112000000001e-06
669T>C/961T>del	2e-12	2e-12	0.0	0.0	5e-09	2e-12	0.0	2e-12	2e-12	5.566666666666666e-10
669T>C/961T>del+Cn	2e-12	2e-12	0.0	0.0	1.3e-05	2e-12	0.0	2e-12	1.3719999999999998e-07	1.4596897777777777e-06
669T>C/988G>A	2e-12	2e-12	0.0	0.0	5.500000000000001e-06	2e-12	0.0	2e-12	2e-12	6.111122222222222e-07
669T>C/Reference	2e-12	2e-12	0.0	0.0	0.0049305	2e-12	0.0	2e-12	1.9482e-06	0.0005480498008888888
747A>G/747A>G	1e-12	1e-12	1.69e-06	0.0	0.0	1e-12	0.0	1e-12	1e-12	1.8777833333333334e-07
747A>G/786G>A	2e-12	2e-12	0.0	0.0	0.0	2e-12	0.0	2e-12	2e-12	1.111111111111111e-12
747A>G/807A>C	2e-12	2e-12	2.5999999999999997e-09	0.0	0.0	2e-12	0.0	2e-12	2e-12	2.9000000000000003e-10
747A>G/807A>G	2e-12	2e-12	2.5999999999999997e-09	0.0	0.0	2e-12	0.0	2e-12	2e-12	2.9000000000000003e-10
747A>G/827A>G	2e-12	2e-12	0.0	0.0	0.0	2e-12	0.0	2e-12	0.0	8.888888888888889e-13
747A>G/839A>G	2e-12	2e-12	0.0	0.0	0.0	2e-12	0.0	2e-12	2e-12	1.111111111111111e-12
747A>G/896A>G	2e-12	2e-12	0.0	0.0	0.0	2e-12	0.0	2e-12	2e-12	1.111111111111111e-12
747A>G/930A>G	2e-12	2e-12	1.924e-05	0.0	0.0	2e-12	0.0	2e-12	2e-12	2.1377788888888884e-06
747A>G/951G>A	2e-12	2e-12	1.82e-06	0.0	0.0	2e-12	0.0	2e-12	2e-12	2.0222333333333334e-07
747A>G/960C>del	2e-12	2e-12	2.5999999999999997e-09	0.0	0.0	2e-12	0.0	2e-12	2e-12	2.9000000000000003e-10
747A>G/961T>G	2e-12	2e-12	0.0	0.0	0.0	2e-12	0.0	2e-12	0.0	8.888888888888889e-13
747A>G/961T>del	2e-12	2e-12	2.5999999999999997e-09	0.0	0.0	2e-12	0.0	2e-12	2e-12	2.9000000000000003e-10
747A>G/961T>del+Cn	2e-12	2e-12	2.5999999999999997e-09	0.0	0.0	2e-12	0.0	2e-12	1.3719999999999998e-07	1.553422222222222e-08
747A>G/988G>A	2e-12	2e-12	0.0	0.0	0.0	2e-12	0.0	2e-12	2e-12	1.111111111111111e-12
747A>G/Reference	2e-12	2e-12	0.00254332	0.0	0.0	2e-12	0.0	2e-12	1.9482e-06	0.00028280757866666666
786G>A/786G>A	1e-12	1e-12	0.0	0.0	0.0	1e-12	0.0	1e-12	1e-12	5.555555555555555e-13
786G>A/807A>C	2e-12	2e-12	0.0	0.0	0.0	2e-12	0.0	2e-12	2e-12	1.111111111111111e-12
786G>A/807A>G	2e-12	2e-12	0.0	0.0	0.0	2e-12	0.0	2e-12	2e-12	1.111111111111111e-12
786G>A/827A>G	2e-12	2e-12	0.0	0.0	0.0	2e-12	0.0	2e-12	0.0	8.888888888888889e-13
786G>A/839A>G	2e-12	2e-12	0.0	0.0	0.0	2e-12	0.0	2e-12	2e-12	1.111111111111111e-12
786G>A/896A>G	2e-12	2e-12	0.0	0.0	0.0	2e-12	0.0	2e-12	2e-12	1.111111111111111e-12
786G>A/930A>G	2e-12	2e-12	0.0	0.0	0.0	2e-12	0.0	2e-12	2e-12	1.111111111111111e-12
786G>A/951G>A	2e-12	2e-12	0.0	0.0	0.0	2e-12	0.0	2e-12	2e-12	1.111111111111111e-12
786G>A/960C>del	2e-12	2e-12	0.0	0.0	0.0	2e-12	0.0	2e-12	2e-12	1.111111111111111e-12
786G>A/961T>G	2e-12	2e-12	0.0	0.0	0.0	2e-12	0.0	2e-12	0.0	8.888888888888889e-13
786G>A/961T>del	2e-12	2e-12	0.0	0.0	0.0	2e-12	0.0	2e-12	2e-12	1.111111111111111e-12
786G>A/961T>del+Cn	2e-12	2e-12	0.0	0.0	0.0	2e-12	0.0	2e-12	1.3719999999999998e-07	1.524533333333333e-08
786G>A/988G>A	2e-12	2e-12	0.0	0.0	0.0	2e-12	0.0	2e-12	2e-12	1.111111111111111e-12
786G>A/Reference	2e-12	2e-12	0.0	0.0	0.0	2e-12	0.0	2e-12	1.9482e-06	2.1646755555555552e-07
807A>C/807A>C	1e-12	1e-12	1e-12	1e-12	1e-12	1e-12	1e-12	1e-12	1e-12	1e-12
807A>C/807A>G	2e-12	2e-12	2e-12	2e-12	2e-12	2e-12	2e-12	2e-12	2e-12	2e-12
807A>C/827A>G	2e-12	2e-12	0.0	7.06e-08	3.5999999999999996e-09	2e-12	0.0	2e-12	0.0	8.245333333333335e-09
807A>C/839A>G	2e-12	2e-12	0.0	0.0	2e-10	2e-12	0.0	2e-12	2e-12	2.3333333333333334e-11
807A>C/896A>G	2e-12	2e-12	0.0	0.0	6e-09	2e-12	0.0	2e-12	2e-12	6.677777777777777e-10
807A>C/930A>G	2e-12	2e-12	1.48e-08	8.2e-09	8.64e-08	2e-12	6.819999999999999e-08	2e-12	2e-12	1.9734444444444447e-08
807A>C/951G>A	2e-12	2e-12	1.4e-09	6.8e-09	2.58e-08	2e-12	0.0	2e-12	2e-12	3.7788888888888894e-09
807A>C/960C>del	2e-12	2e-12	2e-12	2e-12	2e-12	2e-12	2e-12	2e-12	2e-12	2e-12
807A>C/961T>G	2e-12	2e-12	0.0	0.0	2.74e-08	2e-12	9.799999999999998e-09	2e-12	0.0	4.134222222222222e-09
807A>C/961T>del	2e-12	2e-12	2e-12	2e-12	2e-12	2e-12	2e-12	2e-12	2e-12	2e-12
807A>C/961T>del+Cn	2e-12	2e-12	2e-12	9.9e-08	5.1999999999999994e-09	2e-12	2e-12	2e-12	1.3719999999999998e-07	2.6823555555555556e-08
807A>C/988G>A	2e-12	2e-12	0.0	0.0	2.2e-09	2e-12	0.0	2e-12	2e-12	2.455555555555556e-10
807A>C/Reference	2e-12	2e-12	1.9564e-06	1.955e-06	1.9722e-06	2e-12	1.814e-06	2e-12	1.9482e-06	1.0717564444444444e-06
807A>G/807A>G	1e-12	1e-12	1e-12	1e-12	1e-12	1e-12	1e-12	1e-12	1e-12	1e-12
807A>G/827A>G	2e-12	2e-12	0.0	7.06e-08	3.5999999999999996e-09	2e-12	0.0	2e-12	0.0	8.245333333333335e-09
807A>G/839A>G	2e-12	2e-12	0.0	0.0	2e-10	2e-12	0.0	2e-12	2e-12	2.3333333333333334e-11
807A>G/896A>G	2e-12	2e-12	0.0	0.0	6e-09	2e-12	0.0	2e-12	2e-12	6.677777777777777e-10
807A>G/930A>G	2e-12	2e-12	1.48e-08	8.2e-09	8.64e-08	2e-12	6.819999999999999e-08	2e-12	2e-12	1.9734444444444447e-08
807A>G/951G>A	2e-12	2e-12	1.4e-09	6.8e-09	2.58e-08	2e-12	0.0	2e-12	2e-12	3.7788888888888894e-09
807A>G/960C>del	2e-12	2e-12	2e-12	2e-12	2e-12	2e-12	2e-12	2e-12	2e-12	2e-12
807A>G/961T>G	2e-12	2e-12	0.0	0.0	2.74e-08	2e-12	9.799999999999998e-09	2e-12	0.0	4.134222222222222e-09
807A>G/961T>del	2e-12	2e-12	2e-12	2e-12	2e-12	2e-12	2e-12	2e-12	2e-12	2e-12
807A>G/961T>del+Cn	2e-12	2e-12	2e-12	9.9e-08	5.1999999999999994e-09	2e-12	2e-12	2e-12	1.3719999999999998e-07	2.6823555555555556e-08
807A>G/988G>A	2e-12	2e-12	0.0	0.0	2.2e-09	2e-12	0.0	2e-12	2e-12	2.455555555555556e-10
807A>G/Reference	2e-12	2e-12	1.9564e-06	1.955e-06	1.9722e-06	2e-12	1.814e-06	2e-12	1.9482e-06	1.0717564444444444e-06
827A>G/827A>G	1e-12	1e-12	0.0	0.0012460899999999998	3.24e-06	1e-12	0.0	1e-12	0.0	0.00013881444488888887
827A>G/839A>G	2e-12	2e-12	0.0	0.0	3.6e-07	2e-12	0.0	2e-12	0.0	4.000088888888889e-08
827A>G/896A>G	2e-12	2e-12	0.0	0.0	1.08e-05	2e-12	0.0	2e-12	0.0	1.2000008888888889e-06
827A>G/930A>G	2e-12	2e-12	0.0	0.00028946	0.00015552	2e-12	0.0	2e-12	0.0	4.944222311111111e-05
827A>G/951G>A	2e-12	2e-12	0.0	0.00024003999999999999	4.6439999999999996e-05	2e-12	0.0	2e-12	0.0	3.1831111999999994e-05
827A>G/960C>del	2e-12	2e-12	0.0	7.06e-08	3.5999999999999996e-09	2e-12	0.0	2e-12	0.0	8.245333333333335e-09
827A>G/961T>G	2e-12	2e-12	0.0	0.0	4.932e-05	2e-12	0.0	2e-12	0.0	5.480000888888889e-06
827A>G/961T>del	2e-12	2e-12	0.0	7.06e-08	3.5999999999999996e-09	2e-12	0.0	2e-12	0.0	8.245333333333335e-09
827A>G/961T>del+Cn	2e-12	2e-12	0.0	0.0034947	9.359999999999998e-06	2e-12	0.0	2e-12	0.0	0.00038934000088888885
827A>G/988G>A	2e-12	2e-12	0.0	0.0	3.96e-06	2e-12	0.0	2e-12	0.0	4.4000088888888883e-07
827A>G/Reference	2e-12	2e-12	0.0	0.0690115	0.00354996	2e-12	0.0	2e-12	0.0	0.008062384445333333
839A>G/839A>G	1e-12	1e-12	0.0	0.0	1e-08	1e-12	0.0	1e-12	1e-12	1.1116666666666667e-09
839A>G/896A>G	2e-12	2e-12	0.0	0.0	6.000000000000001e-07	2e-12	0.0	2e-12	2e-12	6.666777777777777e-08
839A>G/930A>G	2e-12	2e-12	0.0	0.0	8.64e-06	2e-12	0.0	2e-12	2e-12	9.600011111111113e-07
839A>G/951G>A	2e-12	2e-12	0.0	0.0	2.5800000000000003e-06	2e-12	0.0	2e-12	2e-12	2.8666777777777783e-07
839A>G/960C>del	2e-12	2e-12	0.0	0.0	2e-10	2e-12	0.0	2e-12	2e-12	2.3333333333333334e-11
839A>G/961T>G	2e-12	2e-12	0.0	0.0	2.74e-06	2e-12	0.0	2e-12	0.0	3.0444533333333337e-07
839A>G/961T>del	2e-12	2e-12	0.0	0.0	2e-10	2e-12	0.0	2e-12	2e-12	2.3333333333333334e-11
839A>G/961T>del+Cn	2e-12	2e-12	0.0	0.0	5.2e-07	2e-12	0.0	2e-12	1.3719999999999998e-07	7.302311111111109e-08
839A>G/988G>A	2e-12	2e-12	0.0	0.0	2.2e-07	2e-12	0.0	2e-12	2e-12	2.444555555555556e-08
839A>G/Reference	2e-12	2e-12	0.0	0.0	0.00019722	2e-12	0.0	2e-12	1.9482e-06	2.212980088888889e-05
896A>G/896A>G	1e-12	1e-12	0.0	0.0	9e-06	1e-12	0.0	1e-12	1e-12	1.0000005555555555e-06
896A>G/930A>G	2e-12	2e-12	0.0	0.0	0.0002592	2e-12	0.0	2e-12	2e-12	2.8800001111111107e-05
896A>G/951G>A	2e-12	2e-12	0.0	0.0	7.74e-05	2e-12	0.0	2e-12	2e-12	8.600001111111112e-06
896A>G/960C>del	2e-12	2e-12	0.0	0.0	6e-09	2e-12	0.0	2e-12	2e-12	6.677777777777777e-10
896A>G/961T>G	2e-12	2e-12	0.0	0.0	8.22e-05	2e-12	0.0	2e-12	0.0	9.133334222222223e-06
896A>G/961T>del	2e-12	2e-12	0.0	0.0	6e-09	2e-12	0.0	2e-12	2e-12	6.677777777777777e-10
896A>G/961T>del+Cn	2e-12	2e-12	0.0	0.0	1.56e-05	2e-12	0.0	2e-12	1.3719999999999998e-07	1.7485786666666664e-06
896A>G/988G>A	2e-12	2e-12	0.0	0.0	6.6e-06	2e-12	0.0	2e-12	2e-12	7.333344444444444e-07
896A>G/Reference	2e-12	2e-12	0.0	0.0	0.0059166	2e-12	0.0	2e-12	1.9482e-06	0.0006576164675555556
930A>G/930A>G	1e-12	1e-12	5.4760000000000004e-05	1.6810000000000003e-05	0.0018662400000000001	1e-12	0.0011628099999999998	1e-12	1e-12	0.0003445133338888888
930A>G/951G>A	2e-12	2e-12	1.036e-05	2.788e-05	0.0011145600000000001	2e-12	0.0	2e-12	2e-12	0.00012808889
930A>G/960C>del	2e-12	2e-12	1.48e-08	8.2e-09	8.64e-08	2e-12	6.819999999999999e-08	2e-12	2e-12	1.9734444444444447e-08
930A>G/961T>G	2e-12	2e-12	0.0	0.0	0.00118368	2e-12	0.00033417999999999995	2e-12	0.0	0.000168651112
930A>G/961T>del	2e-12	2e-12	1.48e-08	8.2e-09	8.64e-08	2e-12	6.819999999999999e-08	2e-12	2e-12	1.9734444444444447e-08
930A>G/961T>del+Cn	2e-12	2e-12	1.48e-08	0.00040590000000000005	0.00022464	2e-12	6.819999999999999e-08	2e-12	1.3719999999999998e-07	7.008446755555554e-05
930A>G/988G>A	2e-12	2e-12	0.0	0.0	9.504000000000001e-05	2e-12	0.0	2e-12	2e-12	1.0560001111111114e-05
930A>G/Reference	2e-12	2e-12	0.01447736	0.008015500000000002	0.08519904	2e-12	0.0618574	2e-12	1.9482e-06	0.018839027578666664
951G>A/951G>A	1e-12	1e-12	4.9e-07	1.156e-05	0.00016641	1e-12	0.0	1e-12	1e-12	1.982888944444444e-05
951G>A/960C>del	2e-12	2e-12	1.4e-09	6.8e-09	2.58e-08	2e-12	0.0	2e-12	2e-12	3.7788888888888894e-09
951G>A/961T>G	2e-12	2e-12	0.0	0.0	0.00035346	2e-12	0.0	2e-12	0.0	3.927333422222222e-05
951G>A/961T>del	2e-12	2e-12	1.4e-09	6.8e-09	2.58e-08	2e-12	0.0	2e-12	2e-12	3.7788888888888894e-09
951G>A/961T>del+Cn	2e-12	2e-12	1.4e-09	0.0003366	6.708e-05	2e-12	0.0	2e-12	1.3719999999999998e-07	4.486873422222222e-05
951G>A/988G>A	2e-12	2e-12	0.0	0.0	2.8380000000000003e-05	2e-12	0.0	2e-12	2e-12	3.1533344444444445e-06
951G>A/Reference	2e-12	2e-12	0.00136948	0.006647	0.02544138	2e-12	0.0	2e-12	1.9482e-06	0.0037177564675555546
960C>del/960C>del	1e-12	1e-12	1e-12	1e-12	1e-12	1e-12	1e-12	1e-12	1e-12	1e-12
960C>del/961T>G	2e-12	2e-12	0.0	0.0	2.74e-08	2e-12	9.799999999999998e-09	2e-12	0.0	4.134222222222222e-09
960C>del/961T>del	2e-12	2e-12	2e-12	2e-12	2e-12	2e-12	2e-12	2e-12	2e-12	2e-12
960C>del/961T>del+Cn	2e-12	2e-12	2e-12	9.9e-08	5.1999999999999994e-09	2e-12	2e-12	2e-12	1.3719999999999998e-07	2.6823555555555556e-08
960C>del/988G>A	2e-12	2e-12	0.0	0.0	2.2e-09	2e-12	0.0	2e-12	2e-12	2.455555555555556e-10
960C>del/Reference	2e-12	2e-12	1.9564e-06	1.955e-06	1.9722e-06	2e-12	1.814e-06	2e-12	1.9482e-06	1.0717564444444444e-06
961T>G/961T>G	1e-12	1e-12	0.0	0.0	0.00018769000000000001	1e-12	2.401e-05	1e-12	0.0	2.3522222666666666e-05
961T>G/961T>del	2e-12	2e-12	0.0	0.0	2.74e-08	2e-12	9.799999999999998e-09	2e-12	0.0	4.134222222222222e-09
961T>G/961T>del+Cn	2e-12	2e-12	0.0	0.0	7.124e-05	2e-12	9.799999999999998e-09	2e-12	0.0	7.916645333333334e-06
961T>G/988G>A	2e-12	2e-12	0.0	0.0	3.0140000000000003e-05	2e-12	0.0	2e-12	0.0	3.3488897777777777e-06
961T>G/Reference	2e-12	2e-12	0.0	0.0	0.02701914	2e-12	0.0088886	2e-12	0.0	0.003989748889777777
961T>del/961T>del	1e-12	1e-12	1e-12	1e-12	1e-12	1e-12	1e-12	1e-12	1e-12	1e-12
961T>del/961T>del+Cn	2e-12	2e-12	2e-12	9.9e-08	5.1999999999999994e-09	2e-12	2e-12	2e-12	1.3719999999999998e-07	2.6823555555555556e-08
961T>del/988G>A	2e-12	2e-12	0.0	0.0	2.2e-09	2e-12	0.0	2e-12	2e-12	2.455555555555556e-10
961T>del/Reference	2e-12	2e-12	1.9564e-06	1.955e-06	1.9722e-06	2e-12	1.814e-06	2e-12	1.9482e-06	1.0717564444444444e-06
961T>del+Cn/961T>del+Cn	1e-12	1e-12	1e-12	0.00245025	6.76e-06	1e-12	1e-12	1e-12	0.0047059599999999995	0.0007958855562222222
961T>del+Cn/988G>A	2e-12	2e-12	0.0	0.0	5.72e-06	2e-12	0.0	2e-12	1.3719999999999998e-07	6.508008888888889e-07
961T>del+Cn/Reference	2e-12	2e-12	1.9564e-06	0.09677250000000001	0.00512772	2e-12	1.814e-06	2e-12	0.13364652	0.026172278934222224
988G>A/988G>A	1e-12	1e-12	0.0	0.0	1.21e-06	1e-12	0.0	1e-12	1e-12	1.34445e-07
988G>A/Reference	2e-12	2e-12	0.0	0.0	0.00216942	2e-12	0.0	2e-12	1.9482e-06	0.00024126313422222223
Reference/Reference	1e-12	1e-12	0.9568752399999999	0.9555062500000001	0.97239321	1e-12	0.8226490000000001	1e-12	0.94887081	0.5173660566671112
