	African_American_Afro_Caribbean	American	Central_South_Asian	East_Asian	European	Latino	Near_Eastern	Oceanian	Sub_Saharan_African	Global
*1/*1	1e-12	1e-12	0.99840064	0.9902240099999999	0.9992001600000001	0.98922916	1e-12	1e-12	1e-12	0.44189488555611117
*1/*10	2e-12	2e-12	1.9984e-06	1.9902e-06	1.9992e-06	1.9892e-06	2e-12	2e-12	2e-12	8.863344444444445e-07
*1/*11	2e-12	2e-12	1.9984e-06	1.9902e-06	1.9992e-06	1.9892e-06	2e-12	2e-12	2e-12	8.863344444444445e-07
*1/*12	2e-12	2e-12	1.9984e-06	1.9902e-06	1.9992e-06	1.9892e-06	2e-12	2e-12	2e-12	8.863344444444445e-07
*1/*13	2e-12	2e-12	1.9984e-06	1.9902e-06	1.9992e-06	1.9892e-06	2e-12	2e-12	2e-12	8.863344444444445e-07
*1/*14	2e-12	2e-12	1.9984e-06	1.9902e-06	1.9992e-06	1.9892e-06	2e-12	2e-12	2e-12	8.863344444444445e-07
*1/*15	2e-12	2e-12	1.9984e-06	1.9902e-06	1.9992e-06	1.9892e-06	2e-12	2e-12	2e-12	8.863344444444445e-07
*1/*16	2e-12	2e-12	1.9984e-06	1.9902e-06	1.9992e-06	1.9892e-06	2e-12	2e-12	2e-12	8.863344444444445e-07
*1/*17	2e-12	2e-12	1.9984e-06	1.9902e-06	1.9992e-06	1.9892e-06	2e-12	2e-12	2e-12	8.863344444444445e-07
*1/*18	2e-12	2e-12	1.9984e-06	1.9902e-06	1.9992e-06	1.9892e-06	2e-12	2e-12	2e-12	8.863344444444445e-07
*1/*19	2e-12	2e-12	1.9984e-06	1.9902e-06	1.9992e-06	1.9892e-06	2e-12	2e-12	2e-12	8.863344444444445e-07
*1/*2	2e-12	2e-12	0.0	0.06965700000000001	0.0	0.0726058	2e-12	2e-12	2e-12	0.01580697777888889
*1/*20	2e-12	2e-12	1.9984e-06	1.9902e-06	1.9992e-06	1.9892e-06	2e-12	2e-12	2e-12	8.863344444444445e-07
*1/*3	2e-12	2e-12	0.1338928	0.12040709999999999	0.0039984	0.014919	2e-12	2e-12	2e-12	0.030357477778888895
*1/*4	2e-12	2e-12	0.0	0.00218922	0.0	0.03560668	2e-12	2e-12	2e-12	0.004199544445555555
*1/*5	2e-12	2e-12	0.00079936	0.02209122	0.0	0.0	2e-12	2e-12	2e-12	0.0025433977788888893
*1/*6	2e-12	2e-12	0.0039968	0.0258726	0.0059976000000000005	0.0029838	2e-12	2e-12	2e-12	0.004316755556666666
*1/*7	2e-12	2e-12	0.0	0.00119412	0.0	0.0	2e-12	2e-12	2e-12	0.0001326800011111111
*1/*8	2e-12	2e-12	1.9984e-06	1.9902e-06	1.9992e-06	1.9892e-06	2e-12	2e-12	2e-12	8.863344444444445e-07
*1/*9	2e-12	2e-12	0.0009992	0.0	0.00359856	0.00059676	2e-12	2e-12	2e-12	0.00057716889
*10/*10	1e-12	1e-12	1e-12	1e-12	1e-12	1e-12	1e-12	1e-12	1e-12	1e-12
*10/*11	2e-12	2e-12	2e-12	2e-12	2e-12	2e-12	2e-12	2e-12	2e-12	2e-12
*10/*12	2e-12	2e-12	2e-12	2e-12	2e-12	2e-12	2e-12	2e-12	2e-12	2e-12
*10/*13	2e-12	2e-12	2e-12	2e-12	2e-12	2e-12	2e-12	2e-12	2e-12	2e-12
*10/*14	2e-12	2e-12	2e-12	2e-12	2e-12	2e-12	2e-12	2e-12	2e-12	2e-12
*10/*15	2e-12	2e-12	2e-12	2e-12	2e-12	2e-12	2e-12	2e-12	2e-12	2e-12
*10/*16	2e-12	2e-12	2e-12	2e-12	2e-12	2e-12	2e-12	2e-12	2e-12	2e-12
*10/*17	2e-12	2e-12	2e-12	2e-12	2e-12	2e-12	2e-12	2e-12	2e-12	2e-12
*10/*18	2e-12	2e-12	2e-12	2e-12	2e-12	2e-12	2e-12	2e-12	2e-12	2e-12
*10/*19	2e-12	2e-12	2e-12	2e-12	2e-12	2e-12	2e-12	2e-12	2e-12	2e-12
*10/*2	2e-12	2e-12	0.0	7e-08	0.0	7.299999999999999e-08	2e-12	2e-12	2e-12	1.5890000000000002e-08
*10/*20	2e-12	2e-12	2e-12	2e-12	2e-12	2e-12	2e-12	2e-12	2e-12	2e-12
*10/*3	2e-12	2e-12	1.34e-07	1.2099999999999998e-07	4e-09	1.5e-08	2e-12	2e-12	2e-12	3.0445555555555557e-08
*10/*4	2e-12	2e-12	0.0	2.2e-09	0.0	3.5799999999999996e-08	2e-12	2e-12	2e-12	4.2233333333333334e-09
*10/*5	2e-12	2e-12	8e-10	2.22e-08	0.0	0.0	2e-12	2e-12	2e-12	2.5566666666666663e-09
*10/*6	2e-12	2e-12	4e-09	2.5999999999999998e-08	6e-09	3e-09	2e-12	2e-12	2e-12	4.3344444444444444e-09
*10/*7	2e-12	2e-12	0.0	1.1999999999999998e-09	0.0	0.0	2e-12	2e-12	2e-12	1.344444444444444e-10
*10/*8	2e-12	2e-12	2e-12	2e-12	2e-12	2e-12	2e-12	2e-12	2e-12	2e-12
*10/*9	2e-12	2e-12	1e-09	0.0	3.5999999999999996e-09	5.999999999999999e-10	2e-12	2e-12	2e-12	5.788888888888887e-10
*11/*11	1e-12	1e-12	1e-12	1e-12	1e-12	1e-12	1e-12	1e-12	1e-12	1e-12
*11/*12	2e-12	2e-12	2e-12	2e-12	2e-12	2e-12	2e-12	2e-12	2e-12	2e-12
*11/*13	2e-12	2e-12	2e-12	2e-12	2e-12	2e-12	2e-12	2e-12	2e-12	2e-12
*11/*14	2e-12	2e-12	2e-12	2e-12	2e-12	2e-12	2e-12	2e-12	2e-12	2e-12
*11/*15	2e-12	2e-12	2e-12	2e-12	2e-12	2e-12	2e-12	2e-12	2e-12	2e-12
*11/*16	2e-12	2e-12	2e-12	2e-12	2e-12	2e-12	2e-12	2e-12	2e-12	2e-12
*11/*17	2e-12	2e-12	2e-12	2e-12	2e-12	2e-12	2e-12	2e-12	2e-12	2e-12
*11/*18	2e-12	2e-12	2e-12	2e-12	2e-12	2e-12	2e-12	2e-12	2e-12	2e-12
*11/*19	2e-12	2e-12	2e-12	2e-12	2e-12	2e-12	2e-12	2e-12	2e-12	2e-12
*11/*2	2e-12	2e-12	0.0	7e-08	0.0	7.299999999999999e-08	2e-12	2e-12	2e-12	1.5890000000000002e-08
*11/*20	2e-12	2e-12	2e-12	2e-12	2e-12	2e-12	2e-12	2e-12	2e-12	2e-12
*11/*3	2e-12	2e-12	1.34e-07	1.2099999999999998e-07	4e-09	1.5e-08	2e-12	2e-12	2e-12	3.0445555555555557e-08
*11/*4	2e-12	2e-12	0.0	2.2e-09	0.0	3.5799999999999996e-08	2e-12	2e-12	2e-12	4.2233333333333334e-09
*11/*5	2e-12	2e-12	8e-10	2.22e-08	0.0	0.0	2e-12	2e-12	2e-12	2.5566666666666663e-09
*11/*6	2e-12	2e-12	4e-09	2.5999999999999998e-08	6e-09	3e-09	2e-12	2e-12	2e-12	4.3344444444444444e-09
*11/*7	2e-12	2e-12	0.0	1.1999999999999998e-09	0.0	0.0	2e-12	2e-12	2e-12	1.344444444444444e-10
*11/*8	2e-12	2e-12	2e-12	2e-12	2e-12	2e-12	2e-12	2e-12	2e-12	2e-12
*11/*9	2e-12	2e-12	1e-09	0.0	3.5999999999999996e-09	5.999999999999999e-10	2e-12	2e-12	2e-12	5.788888888888887e-10
*12/*12	1e-12	1e-12	1e-12	1e-12	1e-12	1e-12	1e-12	1e-12	1e-12	1e-12
*12/*13	2e-12	2e-12	2e-12	2e-12	2e-12	2e-12	2e-12	2e-12	2e-12	2e-12
*12/*14	2e-12	2e-12	2e-12	2e-12	2e-12	2e-12	2e-12	2e-12	2e-12	2e-12
*12/*15	2e-12	2e-12	2e-12	2e-12	2e-12	2e-12	2e-12	2e-12	2e-12	2e-12
*12/*16	2e-12	2e-12	2e-12	2e-12	2e-12	2e-12	2e-12	2e-12	2e-12	2e-12
*12/*17	2e-12	2e-12	2e-12	2e-12	2e-12	2e-12	2e-12	2e-12	2e-12	2e-12
*12/*18	2e-12	2e-12	2e-12	2e-12	2e-12	2e-12	2e-12	2e-12	2e-12	2e-12
*12/*19	2e-12	2e-12	2e-12	2e-12	2e-12	2e-12	2e-12	2e-12	2e-12	2e-12
*12/*2	2e-12	2e-12	0.0	7e-08	0.0	7.299999999999999e-08	2e-12	2e-12	2e-12	1.5890000000000002e-08
*12/*20	2e-12	2e-12	2e-12	2e-12	2e-12	2e-12	2e-12	2e-12	2e-12	2e-12
*12/*3	2e-12	2e-12	1.34e-07	1.2099999999999998e-07	4e-09	1.5e-08	2e-12	2e-12	2e-12	3.0445555555555557e-08
*12/*4	2e-12	2e-12	0.0	2.2e-09	0.0	3.5799999999999996e-08	2e-12	2e-12	2e-12	4.2233333333333334e-09
*12/*5	2e-12	2e-12	8e-10	2.22e-08	0.0	0.0	2e-12	2e-12	2e-12	2.5566666666666663e-09
*12/*6	2e-12	2e-12	4e-09	2.5999999999999998e-08	6e-09	3e-09	2e-12	2e-12	2e-12	4.3344444444444444e-09
*12/*7	2e-12	2e-12	0.0	1.1999999999999998e-09	0.0	0.0	2e-12	2e-12	2e-12	1.344444444444444e-10
*12/*8	2e-12	2e-12	2e-12	2e-12	2e-12	2e-12	2e-12	2e-12	2e-12	2e-12
*12/*9	2e-12	2e-12	1e-09	0.0	3.5999999999999996e-09	5.999999999999999e-10	2e-12	2e-12	2e-12	5.788888888888887e-10
*13/*13	1e-12	1e-12	1e-12	1e-12	1e-12	1e-12	1e-12	1e-12	1e-12	1e-12
*13/*14	2e-12	2e-12	2e-12	2e-12	2e-12	2e-12	2e-12	2e-12	2e-12	2e-12
*13/*15	2e-12	2e-12	2e-12	2e-12	2e-12	2e-12	2e-12	2e-12	2e-12	2e-12
*13/*16	2e-12	2e-12	2e-12	2e-12	2e-12	2e-12	2e-12	2e-12	2e-12	2e-12
*13/*17	2e-12	2e-12	2e-12	2e-12	2e-12	2e-12	2e-12	2e-12	2e-12	2e-12
*13/*18	2e-12	2e-12	2e-12	2e-12	2e-12	2e-12	2e-12	2e-12	2e-12	2e-12
*13/*19	2e-12	2e-12	2e-12	2e-12	2e-12	2e-12	2e-12	2e-12	2e-12	2e-12
*13/*2	2e-12	2e-12	0.0	7e-08	0.0	7.299999999999999e-08	2e-12	2e-12	2e-12	1.5890000000000002e-08
*13/*20	2e-12	2e-12	2e-12	2e-12	2e-12	2e-12	2e-12	2e-12	2e-12	2e-12
*13/*3	2e-12	2e-12	1.34e-07	1.2099999999999998e-07	4e-09	1.5e-08	2e-12	2e-12	2e-12	3.0445555555555557e-08
*13/*4	2e-12	2e-12	0.0	2.2e-09	0.0	3.5799999999999996e-08	2e-12	2e-12	2e-12	4.2233333333333334e-09
*13/*5	2e-12	2e-12	8e-10	2.22e-08	0.0	0.0	2e-12	2e-12	2e-12	2.5566666666666663e-09
*13/*6	2e-12	2e-12	4e-09	2.5999999999999998e-08	6e-09	3e-09	2e-12	2e-12	2e-12	4.3344444444444444e-09
*13/*7	2e-12	2e-12	0.0	1.1999999999999998e-09	0.0	0.0	2e-12	2e-12	2e-12	1.344444444444444e-10
*13/*8	2e-12	2e-12	2e-12	2e-12	2e-12	2e-12	2e-12	2e-12	2e-12	2e-12
*13/*9	2e-12	2e-12	1e-09	0.0	3.5999999999999996e-09	5.999999999999999e-10	2e-12	2e-12	2e-12	5.788888888888887e-10
*14/*14	1e-12	1e-12	1e-12	1e-12	1e-12	1e-12	1e-12	1e-12	1e-12	1e-12
*14/*15	2e-12	2e-12	2e-12	2e-12	2e-12	2e-12	2e-12	2e-12	2e-12	2e-12
*14/*16	2e-12	2e-12	2e-12	2e-12	2e-12	2e-12	2e-12	2e-12	2e-12	2e-12
*14/*17	2e-12	2e-12	2e-12	2e-12	2e-12	2e-12	2e-12	2e-12	2e-12	2e-12
*14/*18	2e-12	2e-12	2e-12	2e-12	2e-12	2e-12	2e-12	2e-12	2e-12	2e-12
*14/*19	2e-12	2e-12	2e-12	2e-12	2e-12	2e-12	2e-12	2e-12	2e-12	2e-12
*14/*2	2e-12	2e-12	0.0	7e-08	0.0	7.299999999999999e-08	2e-12	2e-12	2e-12	1.5890000000000002e-08
*14/*20	2e-12	2e-12	2e-12	2e-12	2e-12	2e-12	2e-12	2e-12	2e-12	2e-12
*14/*3	2e-12	2e-12	1.34e-07	1.2099999999999998e-07	4e-09	1.5e-08	2e-12	2e-12	2e-12	3.0445555555555557e-08
*14/*4	2e-12	2e-12	0.0	2.2e-09	0.0	3.5799999999999996e-08	2e-12	2e-12	2e-12	4.2233333333333334e-09
*14/*5	2e-12	2e-12	8e-10	2.22e-08	0.0	0.0	2e-12	2e-12	2e-12	2.5566666666666663e-09
*14/*6	2e-12	2e-12	4e-09	2.5999999999999998e-08	6e-09	3e-09	2e-12	2e-12	2e-12	4.3344444444444444e-09
*14/*7	2e-12	2e-12	0.0	1.1999999999999998e-09	0.0	0.0	2e-12	2e-12	2e-12	1.344444444444444e-10
*14/*8	2e-12	2e-12	2e-12	2e-12	2e-12	2e-12	2e-12	2e-12	2e-12	2e-12
*14/*9	2e-12	2e-12	1e-09	0.0	3.5999999999999996e-09	5.999999999999999e-10	2e-12	2e-12	2e-12	5.788888888888887e-10
*15/*15	1e-12	1e-12	1e-12	1e-12	1e-12	1e-12	1e-12	1e-12	1e-12	1e-12
*15/*16	2e-12	2e-12	2e-12	2e-12	2e-12	2e-12	2e-12	2e-12	2e-12	2e-12
*15/*17	2e-12	2e-12	2e-12	2e-12	2e-12	2e-12	2e-12	2e-12	2e-12	2e-12
*15/*18	2e-12	2e-12	2e-12	2e-12	2e-12	2e-12	2e-12	2e-12	2e-12	2e-12
*15/*19	2e-12	2e-12	2e-12	2e-12	2e-12	2e-12	2e-12	2e-12	2e-12	2e-12
*15/*2	2e-12	2e-12	0.0	7e-08	0.0	7.299999999999999e-08	2e-12	2e-12	2e-12	1.5890000000000002e-08
*15/*20	2e-12	2e-12	2e-12	2e-12	2e-12	2e-12	2e-12	2e-12	2e-12	2e-12
*15/*3	2e-12	2e-12	1.34e-07	1.2099999999999998e-07	4e-09	1.5e-08	2e-12	2e-12	2e-12	3.0445555555555557e-08
*15/*4	2e-12	2e-12	0.0	2.2e-09	0.0	3.5799999999999996e-08	2e-12	2e-12	2e-12	4.2233333333333334e-09
*15/*5	2e-12	2e-12	8e-10	2.22e-08	0.0	0.0	2e-12	2e-12	2e-12	2.5566666666666663e-09
*15/*6	2e-12	2e-12	4e-09	2.5999999999999998e-08	6e-09	3e-09	2e-12	2e-12	2e-12	4.3344444444444444e-09
*15/*7	2e-12	2e-12	0.0	1.1999999999999998e-09	0.0	0.0	2e-12	2e-12	2e-12	1.344444444444444e-10
*15/*8	2e-12	2e-12	2e-12	2e-12	2e-12	2e-12	2e-12	2e-12	2e-12	2e-12
*15/*9	2e-12	2e-12	1e-09	0.0	3.5999999999999996e-09	5.999999999999999e-10	2e-12	2e-12	2e-12	5.788888888888887e-10
*16/*16	1e-12	1e-12	1e-12	1e-12	1e-12	1e-12	1e-12	1e-12	1e-12	1e-12
*16/*17	2e-12	2e-12	2e-12	2e-12	2e-12	2e-12	2e-12	2e-12	2e-12	2e-12
*16/*18	2e-12	2e-12	2e-12	2e-12	2e-12	2e-12	2e-12	2e-12	2e-12	2e-12
*16/*19	2e-12	2e-12	2e-12	2e-12	2e-12	2e-12	2e-12	2e-12	2e-12	2e-12
*16/*2	2e-12	2e-12	0.0	7e-08	0.0	7.299999999999999e-08	2e-12	2e-12	2e-12	1.5890000000000002e-08
*16/*20	2e-12	2e-12	2e-12	2e-12	2e-12	2e-12	2e-12	2e-12	2e-12	2e-12
*16/*3	2e-12	2e-12	1.34e-07	1.2099999999999998e-07	4e-09	1.5e-08	2e-12	2e-12	2e-12	3.0445555555555557e-08
*16/*4	2e-12	2e-12	0.0	2.2e-09	0.0	3.5799999999999996e-08	2e-12	2e-12	2e-12	4.2233333333333334e-09
*16/*5	2e-12	2e-12	8e-10	2.22e-08	0.0	0.0	2e-12	2e-12	2e-12	2.5566666666666663e-09
*16/*6	2e-12	2e-12	4e-09	2.5999999999999998e-08	6e-09	3e-09	2e-12	2e-12	2e-12	4.3344444444444444e-09
*16/*7	2e-12	2e-12	0.0	1.1999999999999998e-09	0.0	0.0	2e-12	2e-12	2e-12	1.344444444444444e-10
*16/*8	2e-12	2e-12	2e-12	2e-12	2e-12	2e-12	2e-12	2e-12	2e-12	2e-12
*16/*9	2e-12	2e-12	1e-09	0.0	3.5999999999999996e-09	5.999999999999999e-10	2e-12	2e-12	2e-12	5.788888888888887e-10
*17/*17	1e-12	1e-12	1e-12	1e-12	1e-12	1e-12	1e-12	1e-12	1e-12	1e-12
*17/*18	2e-12	2e-12	2e-12	2e-12	2e-12	2e-12	2e-12	2e-12	2e-12	2e-12
*17/*19	2e-12	2e-12	2e-12	2e-12	2e-12	2e-12	2e-12	2e-12	2e-12	2e-12
*17/*2	2e-12	2e-12	0.0	7e-08	0.0	7.299999999999999e-08	2e-12	2e-12	2e-12	1.5890000000000002e-08
*17/*20	2e-12	2e-12	2e-12	2e-12	2e-12	2e-12	2e-12	2e-12	2e-12	2e-12
*17/*3	2e-12	2e-12	1.34e-07	1.2099999999999998e-07	4e-09	1.5e-08	2e-12	2e-12	2e-12	3.0445555555555557e-08
*17/*4	2e-12	2e-12	0.0	2.2e-09	0.0	3.5799999999999996e-08	2e-12	2e-12	2e-12	4.2233333333333334e-09
*17/*5	2e-12	2e-12	8e-10	2.22e-08	0.0	0.0	2e-12	2e-12	2e-12	2.5566666666666663e-09
*17/*6	2e-12	2e-12	4e-09	2.5999999999999998e-08	6e-09	3e-09	2e-12	2e-12	2e-12	4.3344444444444444e-09
*17/*7	2e-12	2e-12	0.0	1.1999999999999998e-09	0.0	0.0	2e-12	2e-12	2e-12	1.344444444444444e-10
*17/*8	2e-12	2e-12	2e-12	2e-12	2e-12	2e-12	2e-12	2e-12	2e-12	2e-12
*17/*9	2e-12	2e-12	1e-09	0.0	3.5999999999999996e-09	5.999999999999999e-10	2e-12	2e-12	2e-12	5.788888888888887e-10
*18/*18	1e-12	1e-12	1e-12	1e-12	1e-12	1e-12	1e-12	1e-12	1e-12	1e-12
*18/*19	2e-12	2e-12	2e-12	2e-12	2e-12	2e-12	2e-12	2e-12	2e-12	2e-12
*18/*2	2e-12	2e-12	0.0	7e-08	0.0	7.299999999999999e-08	2e-12	2e-12	2e-12	1.5890000000000002e-08
*18/*20	2e-12	2e-12	2e-12	2e-12	2e-12	2e-12	2e-12	2e-12	2e-12	2e-12
*18/*3	2e-12	2e-12	1.34e-07	1.2099999999999998e-07	4e-09	1.5e-08	2e-12	2e-12	2e-12	3.0445555555555557e-08
*18/*4	2e-12	2e-12	0.0	2.2e-09	0.0	3.5799999999999996e-08	2e-12	2e-12	2e-12	4.2233333333333334e-09
*18/*5	2e-12	2e-12	8e-10	2.22e-08	0.0	0.0	2e-12	2e-12	2e-12	2.5566666666666663e-09
*18/*6	2e-12	2e-12	4e-09	2.5999999999999998e-08	6e-09	3e-09	2e-12	2e-12	2e-12	4.3344444444444444e-09
*18/*7	2e-12	2e-12	0.0	1.1999999999999998e-09	0.0	0.0	2e-12	2e-12	2e-12	1.344444444444444e-10
*18/*8	2e-12	2e-12	2e-12	2e-12	2e-12	2e-12	2e-12	2e-12	2e-12	2e-12
*18/*9	2e-12	2e-12	1e-09	0.0	3.5999999999999996e-09	5.999999999999999e-10	2e-12	2e-12	2e-12	5.788888888888887e-10
*19/*19	1e-12	1e-12	1e-12	1e-12	1e-12	1e-12	1e-12	1e-12	1e-12	1e-12
*19/*2	2e-12	2e-12	0.0	7e-08	0.0	7.299999999999999e-08	2e-12	2e-12	2e-12	1.5890000000000002e-08
*19/*20	2e-12	2e-12	2e-12	2e-12	2e-12	2e-12	2e-12	2e-12	2e-12	2e-12
*19/*3	2e-12	2e-12	1.34e-07	1.2099999999999998e-07	4e-09	1.5e-08	2e-12	2e-12	2e-12	3.0445555555555557e-08
*19/*4	2e-12	2e-12	0.0	2.2e-09	0.0	3.5799999999999996e-08	2e-12	2e-12	2e-12	4.2233333333333334e-09
*19/*5	2e-12	2e-12	8e-10	2.22e-08	0.0	0.0	2e-12	2e-12	2e-12	2.5566666666666663e-09
*19/*6	2e-12	2e-12	4e-09	2.5999999999999998e-08	6e-09	3e-09	2e-12	2e-12	2e-12	4.3344444444444444e-09
*19/*7	2e-12	2e-12	0.0	1.1999999999999998e-09	0.0	0.0	2e-12	2e-12	2e-12	1.344444444444444e-10
*19/*8	2e-12	2e-12	2e-12	2e-12	2e-12	2e-12	2e-12	2e-12	2e-12	2e-12
*19/*9	2e-12	2e-12	1e-09	0.0	3.5999999999999996e-09	5.999999999999999e-10	2e-12	2e-12	2e-12	5.788888888888887e-10
*2/*2	1e-12	1e-12	0.0	0.0012250000000000002	0.0	0.0013322499999999999	1e-12	1e-12	1e-12	0.00028413888944444444
*2/*20	2e-12	2e-12	0.0	7e-08	0.0	7.299999999999999e-08	2e-12	2e-12	2e-12	1.5890000000000002e-08
*2/*3	2e-12	2e-12	0.0	0.004235	0.0	0.0005474999999999999	2e-12	2e-12	2e-12	0.0005313888900000001
*2/*4	2e-12	2e-12	0.0	7.700000000000001e-05	0.0	0.0013066999999999998	2e-12	2e-12	2e-12	0.00015374444555555554
*2/*5	2e-12	2e-12	0.0	0.0007770000000000001	0.0	0.0	2e-12	2e-12	2e-12	8.633333444444446e-05
*2/*6	2e-12	2e-12	0.0	0.00091	0.0	0.00010949999999999999	2e-12	2e-12	2e-12	0.00011327777888888889
*2/*7	2e-12	2e-12	0.0	4.2e-05	0.0	0.0	2e-12	2e-12	2e-12	4.666667777777777e-06
*2/*8	2e-12	2e-12	0.0	7e-08	0.0	7.299999999999999e-08	2e-12	2e-12	2e-12	1.5890000000000002e-08
*2/*9	2e-12	2e-12	0.0	0.0	0.0	2.1899999999999997e-05	2e-12	2e-12	2e-12	2.4333344444444438e-06
*20/*20	1e-12	1e-12	1e-12	1e-12	1e-12	1e-12	1e-12	1e-12	1e-12	1e-12
*20/*3	2e-12	2e-12	1.34e-07	1.2099999999999998e-07	4e-09	1.5e-08	2e-12	2e-12	2e-12	3.0445555555555557e-08
*20/*4	2e-12	2e-12	0.0	2.2e-09	0.0	3.5799999999999996e-08	2e-12	2e-12	2e-12	4.2233333333333334e-09
*20/*5	2e-12	2e-12	8e-10	2.22e-08	0.0	0.0	2e-12	2e-12	2e-12	2.5566666666666663e-09
*20/*6	2e-12	2e-12	4e-09	2.5999999999999998e-08	6e-09	3e-09	2e-12	2e-12	2e-12	4.3344444444444444e-09
*20/*7	2e-12	2e-12	0.0	1.1999999999999998e-09	0.0	0.0	2e-12	2e-12	2e-12	1.344444444444444e-10
*20/*8	2e-12	2e-12	2e-12	2e-12	2e-12	2e-12	2e-12	2e-12	2e-12	2e-12
*20/*9	2e-12	2e-12	1e-09	0.0	3.5999999999999996e-09	5.999999999999999e-10	2e-12	2e-12	2e-12	5.788888888888887e-10
*3/*3	1e-12	1e-12	0.004489000000000001	0.00366025	4e-06	5.625e-05	1e-12	1e-12	1e-12	0.0009121666672222226
*3/*4	2e-12	2e-12	0.0	0.0001331	0.0	0.00026849999999999997	2e-12	2e-12	2e-12	4.462222333333333e-05
*3/*5	2e-12	2e-12	5.360000000000001e-05	0.0013431	0.0	0.0	2e-12	2e-12	2e-12	0.00015518889
*3/*6	2e-12	2e-12	0.000268	0.001573	1.2e-05	2.2499999999999998e-05	2e-12	2e-12	2e-12	0.00020838889
*3/*7	2e-12	2e-12	0.0	7.259999999999999e-05	0.0	0.0	2e-12	2e-12	2e-12	8.066667777777778e-06
*3/*8	2e-12	2e-12	1.34e-07	1.2099999999999998e-07	4e-09	1.5e-08	2e-12	2e-12	2e-12	3.0445555555555557e-08
*3/*9	2e-12	2e-12	6.7e-05	0.0	7.2e-06	4.499999999999999e-06	2e-12	2e-12	2e-12	8.744445555555558e-06
*4/*4	1e-12	1e-12	0.0	1.21e-06	0.0	0.00032041	1e-12	1e-12	1e-12	3.573555611111111e-05
*4/*5	2e-12	2e-12	0.0	2.4420000000000003e-05	0.0	0.0	2e-12	2e-12	2e-12	2.7133344444444445e-06
*4/*6	2e-12	2e-12	0.0	2.86e-05	0.0	5.37e-05	2e-12	2e-12	2e-12	9.144445555555557e-06
*4/*7	2e-12	2e-12	0.0	1.32e-06	0.0	0.0	2e-12	2e-12	2e-12	1.466677777777778e-07
*4/*8	2e-12	2e-12	0.0	2.2e-09	0.0	3.5799999999999996e-08	2e-12	2e-12	2e-12	4.2233333333333334e-09
*4/*9	2e-12	2e-12	0.0	0.0	0.0	1.0739999999999999e-05	2e-12	2e-12	2e-12	1.1933344444444444e-06
*5/*5	1e-12	1e-12	1.6e-07	0.00012321	0.0	0.0	1e-12	1e-12	1e-12	1.3707778333333332e-05
*5/*6	2e-12	2e-12	1.6000000000000001e-06	0.0002886	0.0	0.0	2e-12	2e-12	2e-12	3.2244445555555556e-05
*5/*7	2e-12	2e-12	0.0	1.332e-05	0.0	0.0	2e-12	2e-12	2e-12	1.4800011111111112e-06
*5/*8	2e-12	2e-12	8e-10	2.22e-08	0.0	0.0	2e-12	2e-12	2e-12	2.5566666666666663e-09
*5/*9	2e-12	2e-12	4.0000000000000003e-07	0.0	0.0	0.0	2e-12	2e-12	2e-12	4.444555555555556e-08
*6/*6	1e-12	1e-12	4e-06	0.000169	9e-06	2.25e-06	1e-12	1e-12	1e-12	2.0472222777777775e-05
*6/*7	2e-12	2e-12	0.0	1.5599999999999996e-05	0.0	0.0	2e-12	2e-12	2e-12	1.7333344444444437e-06
*6/*8	2e-12	2e-12	4e-09	2.5999999999999998e-08	6e-09	3e-09	2e-12	2e-12	2e-12	4.3344444444444444e-09
*6/*9	2e-12	2e-12	2e-06	0.0	1.08e-05	9e-07	2e-12	2e-12	2e-12	1.5222233333333336e-06
*7/*7	1e-12	1e-12	0.0	3.5999999999999994e-07	0.0	0.0	1e-12	1e-12	1e-12	4.000055555555554e-08
*7/*8	2e-12	2e-12	0.0	1.1999999999999998e-09	0.0	0.0	2e-12	2e-12	2e-12	1.344444444444444e-10
*7/*9	2e-12	2e-12	0.0	0.0	0.0	0.0	2e-12	2e-12	2e-12	1.111111111111111e-12
*8/*8	1e-12	1e-12	1e-12	1e-12	1e-12	1e-12	1e-12	1e-12	1e-12	1e-12
*8/*9	2e-12	2e-12	1e-09	0.0	3.5999999999999996e-09	5.999999999999999e-10	2e-12	2e-12	2e-12	5.788888888888887e-10
*9/*9	1e-12	1e-12	2.5e-07	0.0	3.24e-06	8.999999999999999e-08	1e-12	1e-12	1e-12	3.977783333333333e-07
