	African_American_Afro_Caribbean	American	Central_South_Asian	East_Asian	European	Latino	Near_Eastern	Oceanian	Sub_Saharan_African	Global
*1/*1	0.0529	0.1369	0.22061809000000002	0.06512704	0.16216729	1e-12	0.24009999999999998	0.11560000000000002	0.029343690000000002	0.11363956777788888
*1/*10	4.6e-07	7.4e-07	9.394e-07	5.103999999999999e-07	8.053999999999999e-07	2e-12	9.8e-07	6.800000000000001e-07	3.426e-07	6.064224444444445e-07
*1/*11	4.6e-07	7.4e-07	9.394e-07	5.103999999999999e-07	8.053999999999999e-07	2e-12	9.8e-07	6.800000000000001e-07	3.426e-07	6.064224444444445e-07
*1/*12	4.6e-07	7.4e-07	9.394e-07	5.103999999999999e-07	8.053999999999999e-07	2e-12	9.8e-07	6.800000000000001e-07	3.426e-07	6.064224444444445e-07
*1/*13	4.6e-07	7.4e-07	9.394e-07	5.103999999999999e-07	8.053999999999999e-07	2e-12	9.8e-07	6.800000000000001e-07	3.426e-07	6.064224444444445e-07
*1/*14	4.6e-07	7.4e-07	9.394e-07	5.103999999999999e-07	0.10921224	2e-12	9.8e-07	6.800000000000001e-07	0.0	0.012135172200222222
*1/*15	0.0046	0.17759999999999998	0.06124888	0.0635448	0.12097108	2e-12	0.147	0.0	0.00955854	0.06494703333355556
*1/*16	4.6e-07	7.4e-07	0.0	0.0022968	0.00048323999999999996	2e-12	9.8e-07	6.800000000000001e-07	3.426e-07	0.00030924917799999993
*1/*19	4.6e-07	7.4e-07	9.394e-07	5.103999999999999e-07	8.053999999999999e-07	2e-12	9.8e-07	6.800000000000001e-07	3.426e-07	6.064224444444445e-07
*1/*2	4.6e-07	7.4e-07	9.394e-07	5.103999999999999e-07	8.053999999999999e-07	2e-12	9.8e-07	6.800000000000001e-07	3.426e-07	6.064224444444445e-07
*1/*20	4.6e-07	7.4e-07	9.394e-07	5.103999999999999e-07	0.030121960000000003	2e-12	9.8e-07	6.800000000000001e-07	3.426e-07	0.003347401378000001
*1/*23	4.6e-07	7.4e-07	9.394000000000001e-05	0.0	8.054e-05	2e-12	9.8e-07	6.800000000000001e-07	3.426e-07	1.9742511333333333e-05
*1/*24	4.6e-07	7.4e-07	9.394e-07	5.103999999999999e-07	8.053999999999999e-07	2e-12	9.8e-07	6.800000000000001e-07	3.426e-07	6.064224444444445e-07
*1/*25	4.6e-07	7.4e-07	9.394e-07	5.103999999999999e-07	8.053999999999999e-07	2e-12	9.8e-07	6.800000000000001e-07	3.426e-07	6.064224444444445e-07
*1/*26	4.6e-07	7.4e-07	0.00028181999999999995	5.103999999999999e-07	0.00016108	2e-12	9.8e-07	6.800000000000001e-07	3.426e-07	4.9623666888888875e-05
*1/*27	4.6e-07	7.4e-07	9.394e-07	0.0	8.053999999999999e-07	2e-12	9.8e-07	6.800000000000001e-07	3.426e-07	5.497113333333333e-07
*1/*28	4.6e-07	7.4e-07	9.394e-07	5.103999999999999e-07	8.053999999999999e-07	2e-12	9.8e-07	6.800000000000001e-07	3.426e-07	6.064224444444445e-07
*1/*29	4.6e-07	7.4e-07	9.394e-07	5.103999999999999e-07	8.053999999999999e-07	2e-12	9.8e-07	6.800000000000001e-07	3.426e-07	6.064224444444445e-07
*1/*3	4.6e-07	7.4e-07	9.394e-07	5.103999999999999e-07	8.053999999999999e-07	2e-12	9.8e-07	6.800000000000001e-07	3.426e-07	6.064224444444445e-07
*1/*30	4.6e-07	7.4e-07	9.394e-07	5.103999999999999e-07	8.053999999999999e-07	2e-12	9.8e-07	6.800000000000001e-07	3.426e-07	6.064224444444445e-07
*1/*31	4.6e-07	7.4e-07	9.394e-07	5.103999999999999e-07	8.053999999999999e-07	2e-12	9.8e-07	6.800000000000001e-07	3.426e-07	6.064224444444445e-07
*1/*32	4.6e-07	7.4e-07	9.394e-07	5.103999999999999e-07	8.053999999999999e-07	2e-12	9.8e-07	6.800000000000001e-07	3.426e-07	6.064224444444445e-07
*1/*33	4.6e-07	7.4e-07	9.394e-07	5.103999999999999e-07	8.053999999999999e-07	2e-12	9.8e-07	6.800000000000001e-07	3.426e-07	6.064224444444445e-07
*1/*34	4.6e-07	7.4e-07	0.0	0.0	0.0	2e-12	9.8e-07	6.800000000000001e-07	3.426e-07	3.558446666666667e-07
*1/*36	4.6e-07	7.4e-07	0.0	0.0	0.0	2e-12	9.8e-07	6.800000000000001e-07	3.426e-07	3.558446666666667e-07
*1/*37	0.3496	0.2886	0.43231188	0.31374288	0.20352457999999998	2e-12	0.3038	0.44880000000000003	0.27435408	0.2905259355557778
*1/*38	4.6e-07	7.4e-07	9.394e-07	5.103999999999999e-07	8.053999999999999e-07	2e-12	9.8e-07	6.800000000000001e-07	3.426e-07	6.064224444444445e-07
*1/*39	4.6e-07	7.4e-07	9.394e-07	5.103999999999999e-07	8.053999999999999e-07	2e-12	9.8e-07	6.800000000000001e-07	3.426e-07	6.064224444444445e-07
*1/*4	4.6e-07	7.4e-07	9.394e-07	5.103999999999999e-07	8.053999999999999e-07	2e-12	9.8e-07	6.800000000000001e-07	3.426e-07	6.064224444444445e-07
*1/*40	4.6e-07	7.4e-07	9.394e-07	5.103999999999999e-07	8.053999999999999e-07	2e-12	9.8e-07	6.800000000000001e-07	3.426e-07	6.064224444444445e-07
*1/*41	4.6e-07	7.4e-07	0.0	0.0	8.054e-05	2e-12	9.8e-07	6.800000000000001e-07	3.426e-07	9.304733555555557e-06
*1/*42	4.6e-07	7.4e-07	9.394e-07	5.103999999999999e-07	8.053999999999999e-07	2e-12	9.8e-07	6.800000000000001e-07	3.426e-07	6.064224444444445e-07
*1/*43	4.6e-07	7.4e-07	9.394e-07	5.103999999999999e-07	8.053999999999999e-07	2e-12	9.8e-07	6.800000000000001e-07	3.426e-07	6.064224444444445e-07
*1/*44	4.6e-07	7.4e-07	9.394e-07	5.103999999999999e-07	8.053999999999999e-07	2e-12	9.8e-07	6.800000000000001e-07	3.426e-07	6.064224444444445e-07
*1/*45	4.6e-07	7.4e-07	9.394e-07	5.103999999999999e-07	8.053999999999999e-07	2e-12	9.8e-07	6.800000000000001e-07	3.426e-07	6.064224444444445e-07
*1/*46	4.6e-07	7.4e-07	9.394e-07	5.103999999999999e-07	8.053999999999999e-07	2e-12	9.8e-07	6.800000000000001e-07	3.426e-07	6.064224444444445e-07
*1/*47	4.6e-07	7.4e-07	9.394e-07	5.103999999999999e-07	8.053999999999999e-07	2e-12	9.8e-07	6.800000000000001e-07	3.426e-07	6.064224444444445e-07
*1/*5	0.0	0.0	0.0042273	0.0005103999999999999	0.016430160000000003	2e-12	0.049	0.0	0.0	0.007796428889111112
*1/*6	4.6e-07	7.4e-07	0.0	0.0	0.0	2e-12	9.8e-07	6.800000000000001e-07	3.426e-07	3.558446666666667e-07
*1/*7	4.6e-07	7.4e-07	9.394e-07	5.103999999999999e-07	8.053999999999999e-07	2e-12	9.8e-07	6.800000000000001e-07	3.426e-07	6.064224444444445e-07
*1/*8	4.6e-07	7.4e-07	0.0	0.0	0.0	2e-12	9.8e-07	6.800000000000001e-07	3.426e-07	3.558446666666667e-07
*1/*9	4.6e-07	7.4e-07	9.394e-07	5.103999999999999e-07	8.053999999999999e-07	2e-12	9.8e-07	6.800000000000001e-07	3.426e-07	6.064224444444445e-07
*10/*10	1e-12	1e-12	1e-12	1e-12	1e-12	1e-12	1e-12	1e-12	1e-12	1e-12
*10/*11	2e-12	2e-12	2e-12	2e-12	2e-12	2e-12	2e-12	2e-12	2e-12	2e-12
*10/*12	2e-12	2e-12	2e-12	2e-12	2e-12	2e-12	2e-12	2e-12	2e-12	2e-12
*10/*13	2e-12	2e-12	2e-12	2e-12	2e-12	2e-12	2e-12	2e-12	2e-12	2e-12
*10/*14	2e-12	2e-12	2e-12	2e-12	2.712e-07	2e-12	2e-12	2e-12	0.0	3.013488888888889e-08
*10/*15	2e-08	4.8e-07	1.3039999999999998e-07	2.4899999999999997e-07	3.0039999999999996e-07	2e-12	3e-07	0.0	5.58e-08	1.7062244444444443e-07
*10/*16	2e-12	2e-12	0.0	9e-09	1.1999999999999998e-09	2e-12	2e-12	2e-12	2e-12	1.1346666666666667e-09
*10/*19	2e-12	2e-12	2e-12	2e-12	2e-12	2e-12	2e-12	2e-12	2e-12	2e-12
*10/*2	2e-12	2e-12	2e-12	2e-12	2e-12	2e-12	2e-12	2e-12	2e-12	2e-12
*10/*20	2e-12	2e-12	2e-12	2e-12	7.480000000000001e-08	2e-12	2e-12	2e-12	2e-12	8.31288888888889e-09
*10/*23	2e-12	2e-12	2e-10	0.0	2e-10	2e-12	2e-12	2e-12	2e-12	4.577777777777778e-11
*10/*24	2e-12	2e-12	2e-12	2e-12	2e-12	2e-12	2e-12	2e-12	2e-12	2e-12
*10/*25	2e-12	2e-12	2e-12	2e-12	2e-12	2e-12	2e-12	2e-12	2e-12	2e-12
*10/*26	2e-12	2e-12	5.999999999999999e-10	2e-12	4e-10	2e-12	2e-12	2e-12	2e-12	1.1266666666666664e-10
*10/*27	2e-12	2e-12	2e-12	0.0	2e-12	2e-12	2e-12	2e-12	2e-12	1.7777777777777778e-12
*10/*28	2e-12	2e-12	2e-12	2e-12	2e-12	2e-12	2e-12	2e-12	2e-12	2e-12
*10/*29	2e-12	2e-12	2e-12	2e-12	2e-12	2e-12	2e-12	2e-12	2e-12	2e-12
*10/*3	2e-12	2e-12	2e-12	2e-12	2e-12	2e-12	2e-12	2e-12	2e-12	2e-12
*10/*30	2e-12	2e-12	2e-12	2e-12	2e-12	2e-12	2e-12	2e-12	2e-12	2e-12
*10/*31	2e-12	2e-12	2e-12	2e-12	2e-12	2e-12	2e-12	2e-12	2e-12	2e-12
*10/*32	2e-12	2e-12	2e-12	2e-12	2e-12	2e-12	2e-12	2e-12	2e-12	2e-12
*10/*33	2e-12	2e-12	2e-12	2e-12	2e-12	2e-12	2e-12	2e-12	2e-12	2e-12
*10/*34	2e-12	2e-12	0.0	0.0	0.0	2e-12	2e-12	2e-12	2e-12	1.3333333333333332e-12
*10/*36	2e-12	2e-12	0.0	0.0	0.0	2e-12	2e-12	2e-12	2e-12	1.3333333333333332e-12
*10/*37	1.5199999999999998e-06	7.799999999999999e-07	9.203999999999999e-07	1.2294e-06	5.054e-07	2e-12	6.2e-07	1.32e-06	1.6015999999999998e-06	9.440891111111109e-07
*10/*38	2e-12	2e-12	2e-12	2e-12	2e-12	2e-12	2e-12	2e-12	2e-12	2e-12
*10/*39	2e-12	2e-12	2e-12	2e-12	2e-12	2e-12	2e-12	2e-12	2e-12	2e-12
*10/*4	2e-12	2e-12	2e-12	2e-12	2e-12	2e-12	2e-12	2e-12	2e-12	2e-12
*10/*40	2e-12	2e-12	2e-12	2e-12	2e-12	2e-12	2e-12	2e-12	2e-12	2e-12
*10/*41	2e-12	2e-12	0.0	0.0	2e-10	2e-12	2e-12	2e-12	2e-12	2.3555555555555554e-11
*10/*42	2e-12	2e-12	2e-12	2e-12	2e-12	2e-12	2e-12	2e-12	2e-12	2e-12
*10/*43	2e-12	2e-12	2e-12	2e-12	2e-12	2e-12	2e-12	2e-12	2e-12	2e-12
*10/*44	2e-12	2e-12	2e-12	2e-12	2e-12	2e-12	2e-12	2e-12	2e-12	2e-12
*10/*45	2e-12	2e-12	2e-12	2e-12	2e-12	2e-12	2e-12	2e-12	2e-12	2e-12
*10/*46	2e-12	2e-12	2e-12	2e-12	2e-12	2e-12	2e-12	2e-12	2e-12	2e-12
*10/*47	2e-12	2e-12	2e-12	2e-12	2e-12	2e-12	2e-12	2e-12	2e-12	2e-12
*10/*5	0.0	0.0	9e-09	2e-09	4.08e-08	2e-12	1e-07	0.0	0.0	1.6866888888888887e-08
*10/*6	2e-12	2e-12	0.0	0.0	0.0	2e-12	2e-12	2e-12	2e-12	1.3333333333333332e-12
*10/*7	2e-12	2e-12	2e-12	2e-12	2e-12	2e-12	2e-12	2e-12	2e-12	2e-12
*10/*8	2e-12	2e-12	0.0	0.0	0.0	2e-12	2e-12	2e-12	2e-12	1.3333333333333332e-12
*10/*9	2e-12	2e-12	2e-12	2e-12	2e-12	2e-12	2e-12	2e-12	2e-12	2e-12
*11/*11	1e-12	1e-12	1e-12	1e-12	1e-12	1e-12	1e-12	1e-12	1e-12	1e-12
*11/*12	2e-12	2e-12	2e-12	2e-12	2e-12	2e-12	2e-12	2e-12	2e-12	2e-12
*11/*13	2e-12	2e-12	2e-12	2e-12	2e-12	2e-12	2e-12	2e-12	2e-12	2e-12
*11/*14	2e-12	2e-12	2e-12	2e-12	2.712e-07	2e-12	2e-12	2e-12	0.0	3.013488888888889e-08
*11/*15	2e-08	4.8e-07	1.3039999999999998e-07	2.4899999999999997e-07	3.0039999999999996e-07	2e-12	3e-07	0.0	5.58e-08	1.7062244444444443e-07
*11/*16	2e-12	2e-12	0.0	9e-09	1.1999999999999998e-09	2e-12	2e-12	2e-12	2e-12	1.1346666666666667e-09
*11/*19	2e-12	2e-12	2e-12	2e-12	2e-12	2e-12	2e-12	2e-12	2e-12	2e-12
*11/*2	2e-12	2e-12	2e-12	2e-12	2e-12	2e-12	2e-12	2e-12	2e-12	2e-12
*11/*20	2e-12	2e-12	2e-12	2e-12	7.480000000000001e-08	2e-12	2e-12	2e-12	2e-12	8.31288888888889e-09
*11/*23	2e-12	2e-12	2e-10	0.0	2e-10	2e-12	2e-12	2e-12	2e-12	4.577777777777778e-11
*11/*24	2e-12	2e-12	2e-12	2e-12	2e-12	2e-12	2e-12	2e-12	2e-12	2e-12
*11/*25	2e-12	2e-12	2e-12	2e-12	2e-12	2e-12	2e-12	2e-12	2e-12	2e-12
*11/*26	2e-12	2e-12	5.999999999999999e-10	2e-12	4e-10	2e-12	2e-12	2e-12	2e-12	1.1266666666666664e-10
*11/*27	2e-12	2e-12	2e-12	0.0	2e-12	2e-12	2e-12	2e-12	2e-12	1.7777777777777778e-12
*11/*28	2e-12	2e-12	2e-12	2e-12	2e-12	2e-12	2e-12	2e-12	2e-12	2e-12
*11/*29	2e-12	2e-12	2e-12	2e-12	2e-12	2e-12	2e-12	2e-12	2e-12	2e-12
*11/*3	2e-12	2e-12	2e-12	2e-12	2e-12	2e-12	2e-12	2e-12	2e-12	2e-12
*11/*30	2e-12	2e-12	2e-12	2e-12	2e-12	2e-12	2e-12	2e-12	2e-12	2e-12
*11/*31	2e-12	2e-12	2e-12	2e-12	2e-12	2e-12	2e-12	2e-12	2e-12	2e-12
*11/*32	2e-12	2e-12	2e-12	2e-12	2e-12	2e-12	2e-12	2e-12	2e-12	2e-12
*11/*33	2e-12	2e-12	2e-12	2e-12	2e-12	2e-12	2e-12	2e-12	2e-12	2e-12
*11/*34	2e-12	2e-12	0.0	0.0	0.0	2e-12	2e-12	2e-12	2e-12	1.3333333333333332e-12
*11/*36	2e-12	2e-12	0.0	0.0	0.0	2e-12	2e-12	2e-12	2e-12	1.3333333333333332e-12
*11/*37	1.5199999999999998e-06	7.799999999999999e-07	9.203999999999999e-07	1.2294e-06	5.054e-07	2e-12	6.2e-07	1.32e-06	1.6015999999999998e-06	9.440891111111109e-07
*11/*38	2e-12	2e-12	2e-12	2e-12	2e-12	2e-12	2e-12	2e-12	2e-12	2e-12
*11/*39	2e-12	2e-12	2e-12	2e-12	2e-12	2e-12	2e-12	2e-12	2e-12	2e-12
*11/*4	2e-12	2e-12	2e-12	2e-12	2e-12	2e-12	2e-12	2e-12	2e-12	2e-12
*11/*40	2e-12	2e-12	2e-12	2e-12	2e-12	2e-12	2e-12	2e-12	2e-12	2e-12
*11/*41	2e-12	2e-12	0.0	0.0	2e-10	2e-12	2e-12	2e-12	2e-12	2.3555555555555554e-11
*11/*42	2e-12	2e-12	2e-12	2e-12	2e-12	2e-12	2e-12	2e-12	2e-12	2e-12
*11/*43	2e-12	2e-12	2e-12	2e-12	2e-12	2e-12	2e-12	2e-12	2e-12	2e-12
*11/*44	2e-12	2e-12	2e-12	2e-12	2e-12	2e-12	2e-12	2e-12	2e-12	2e-12
*11/*45	2e-12	2e-12	2e-12	2e-12	2e-12	2e-12	2e-12	2e-12	2e-12	2e-12
*11/*46	2e-12	2e-12	2e-12	2e-12	2e-12	2e-12	2e-12	2e-12	2e-12	2e-12
*11/*47	2e-12	2e-12	2e-12	2e-12	2e-12	2e-12	2e-12	2e-12	2e-12	2e-12
*11/*5	0.0	0.0	9e-09	2e-09	4.08e-08	2e-12	1e-07	0.0	0.0	1.6866888888888887e-08
*11/*6	2e-12	2e-12	0.0	0.0	0.0	2e-12	2e-12	2e-12	2e-12	1.3333333333333332e-12
*11/*7	2e-12	2e-12	2e-12	2e-12	2e-12	2e-12	2e-12	2e-12	2e-12	2e-12
*11/*8	2e-12	2e-12	0.0	0.0	0.0	2e-12	2e-12	2e-12	2e-12	1.3333333333333332e-12
*11/*9	2e-12	2e-12	2e-12	2e-12	2e-12	2e-12	2e-12	2e-12	2e-12	2e-12
*12/*12	1e-12	1e-12	1e-12	1e-12	1e-12	1e-12	1e-12	1e-12	1e-12	1e-12
*12/*13	2e-12	2e-12	2e-12	2e-12	2e-12	2e-12	2e-12	2e-12	2e-12	2e-12
*12/*14	2e-12	2e-12	2e-12	2e-12	2.712e-07	2e-12	2e-12	2e-12	0.0	3.013488888888889e-08
*12/*15	2e-08	4.8e-07	1.3039999999999998e-07	2.4899999999999997e-07	3.0039999999999996e-07	2e-12	3e-07	0.0	5.58e-08	1.7062244444444443e-07
*12/*16	2e-12	2e-12	0.0	9e-09	1.1999999999999998e-09	2e-12	2e-12	2e-12	2e-12	1.1346666666666667e-09
*12/*19	2e-12	2e-12	2e-12	2e-12	2e-12	2e-12	2e-12	2e-12	2e-12	2e-12
*12/*2	2e-12	2e-12	2e-12	2e-12	2e-12	2e-12	2e-12	2e-12	2e-12	2e-12
*12/*20	2e-12	2e-12	2e-12	2e-12	7.480000000000001e-08	2e-12	2e-12	2e-12	2e-12	8.31288888888889e-09
*12/*23	2e-12	2e-12	2e-10	0.0	2e-10	2e-12	2e-12	2e-12	2e-12	4.577777777777778e-11
*12/*24	2e-12	2e-12	2e-12	2e-12	2e-12	2e-12	2e-12	2e-12	2e-12	2e-12
*12/*25	2e-12	2e-12	2e-12	2e-12	2e-12	2e-12	2e-12	2e-12	2e-12	2e-12
*12/*26	2e-12	2e-12	5.999999999999999e-10	2e-12	4e-10	2e-12	2e-12	2e-12	2e-12	1.1266666666666664e-10
*12/*27	2e-12	2e-12	2e-12	0.0	2e-12	2e-12	2e-12	2e-12	2e-12	1.7777777777777778e-12
*12/*28	2e-12	2e-12	2e-12	2e-12	2e-12	2e-12	2e-12	2e-12	2e-12	2e-12
*12/*29	2e-12	2e-12	2e-12	2e-12	2e-12	2e-12	2e-12	2e-12	2e-12	2e-12
*12/*3	2e-12	2e-12	2e-12	2e-12	2e-12	2e-12	2e-12	2e-12	2e-12	2e-12
*12/*30	2e-12	2e-12	2e-12	2e-12	2e-12	2e-12	2e-12	2e-12	2e-12	2e-12
*12/*31	2e-12	2e-12	2e-12	2e-12	2e-12	2e-12	2e-12	2e-12	2e-12	2e-12
*12/*32	2e-12	2e-12	2e-12	2e-12	2e-12	2e-12	2e-12	2e-12	2e-12	2e-12
*12/*33	2e-12	2e-12	2e-12	2e-12	2e-12	2e-12	2e-12	2e-12	2e-12	2e-12
*12/*34	2e-12	2e-12	0.0	0.0	0.0	2e-12	2e-12	2e-12	2e-12	1.3333333333333332e-12
*12/*36	2e-12	2e-12	0.0	0.0	0.0	2e-12	2e-12	2e-12	2e-12	1.3333333333333332e-12
*12/*37	1.5199999999999998e-06	7.799999999999999e-07	9.203999999999999e-07	1.2294e-06	5.054e-07	2e-12	6.2e-07	1.32e-06	1.6015999999999998e-06	9.440891111111109e-07
*12/*38	2e-12	2e-12	2e-12	2e-12	2e-12	2e-12	2e-12	2e-12	2e-12	2e-12
*12/*39	2e-12	2e-12	2e-12	2e-12	2e-12	2e-12	2e-12	2e-12	2e-12	2e-12
*12/*4	2e-12	2e-12	2e-12	2e-12	2e-12	2e-12	2e-12	2e-12	2e-12	2e-12
*12/*40	2e-12	2e-12	2e-12	2e-12	2e-12	2e-12	2e-12	2e-12	2e-12	2e-12
*12/*41	2e-12	2e-12	0.0	0.0	2e-10	2e-12	2e-12	2e-12	2e-12	2.3555555555555554e-11
*12/*42	2e-12	2e-12	2e-12	2e-12	2e-12	2e-12	2e-12	2e-12	2e-12	2e-12
*12/*43	2e-12	2e-12	2e-12	2e-12	2e-12	2e-12	2e-12	2e-12	2e-12	2e-12
*12/*44	2e-12	2e-12	2e-12	2e-12	2e-12	2e-12	2e-12	2e-12	2e-12	2e-12
*12/*45	2e-12	2e-12	2e-12	2e-12	2e-12	2e-12	2e-12	2e-12	2e-12	2e-12
*12/*46	2e-12	2e-12	2e-12	2e-12	2e-12	2e-12	2e-12	2e-12	2e-12	2e-12
*12/*47	2e-12	2e-12	2e-12	2e-12	2e-12	2e-12	2e-12	2e-12	2e-12	2e-12
*12/*5	0.0	0.0	9e-09	2e-09	4.08e-08	2e-12	1e-07	0.0	0.0	1.6866888888888887e-08
*12/*6	2e-12	2e-12	0.0	0.0	0.0	2e-12	2e-12	2e-12	2e-12	1.3333333333333332e-12
*12/*7	2e-12	2e-12	2e-12	2e-12	2e-12	2e-12	2e-12	2e-12	2e-12	2e-12
*12/*8	2e-12	2e-12	0.0	0.0	0.0	2e-12	2e-12	2e-12	2e-12	1.3333333333333332e-12
*12/*9	2e-12	2e-12	2e-12	2e-12	2e-12	2e-12	2e-12	2e-12	2e-12	2e-12
*13/*13	1e-12	1e-12	1e-12	1e-12	1e-12	1e-12	1e-12	1e-12	1e-12	1e-12
*13/*14	2e-12	2e-12	2e-12	2e-12	2.712e-07	2e-12	2e-12	2e-12	0.0	3.013488888888889e-08
*13/*15	2e-08	4.8e-07	1.3039999999999998e-07	2.4899999999999997e-07	3.0039999999999996e-07	2e-12	3e-07	0.0	5.58e-08	1.7062244444444443e-07
*13/*16	2e-12	2e-12	0.0	9e-09	1.1999999999999998e-09	2e-12	2e-12	2e-12	2e-12	1.1346666666666667e-09
*13/*19	2e-12	2e-12	2e-12	2e-12	2e-12	2e-12	2e-12	2e-12	2e-12	2e-12
*13/*2	2e-12	2e-12	2e-12	2e-12	2e-12	2e-12	2e-12	2e-12	2e-12	2e-12
*13/*20	2e-12	2e-12	2e-12	2e-12	7.480000000000001e-08	2e-12	2e-12	2e-12	2e-12	8.31288888888889e-09
*13/*23	2e-12	2e-12	2e-10	0.0	2e-10	2e-12	2e-12	2e-12	2e-12	4.577777777777778e-11
*13/*24	2e-12	2e-12	2e-12	2e-12	2e-12	2e-12	2e-12	2e-12	2e-12	2e-12
*13/*25	2e-12	2e-12	2e-12	2e-12	2e-12	2e-12	2e-12	2e-12	2e-12	2e-12
*13/*26	2e-12	2e-12	5.999999999999999e-10	2e-12	4e-10	2e-12	2e-12	2e-12	2e-12	1.1266666666666664e-10
*13/*27	2e-12	2e-12	2e-12	0.0	2e-12	2e-12	2e-12	2e-12	2e-12	1.7777777777777778e-12
*13/*28	2e-12	2e-12	2e-12	2e-12	2e-12	2e-12	2e-12	2e-12	2e-12	2e-12
*13/*29	2e-12	2e-12	2e-12	2e-12	2e-12	2e-12	2e-12	2e-12	2e-12	2e-12
*13/*3	2e-12	2e-12	2e-12	2e-12	2e-12	2e-12	2e-12	2e-12	2e-12	2e-12
*13/*30	2e-12	2e-12	2e-12	2e-12	2e-12	2e-12	2e-12	2e-12	2e-12	2e-12
*13/*31	2e-12	2e-12	2e-12	2e-12	2e-12	2e-12	2e-12	2e-12	2e-12	2e-12
*13/*32	2e-12	2e-12	2e-12	2e-12	2e-12	2e-12	2e-12	2e-12	2e-12	2e-12
*13/*33	2e-12	2e-12	2e-12	2e-12	2e-12	2e-12	2e-12	2e-12	2e-12	2e-12
*13/*34	2e-12	2e-12	0.0	0.0	0.0	2e-12	2e-12	2e-12	2e-12	1.3333333333333332e-12
*13/*36	2e-12	2e-12	0.0	0.0	0.0	2e-12	2e-12	2e-12	2e-12	1.3333333333333332e-12
*13/*37	1.5199999999999998e-06	7.799999999999999e-07	9.203999999999999e-07	1.2294e-06	5.054e-07	2e-12	6.2e-07	1.32e-06	1.6015999999999998e-06	9.440891111111109e-07
*13/*38	2e-12	2e-12	2e-12	2e-12	2e-12	2e-12	2e-12	2e-12	2e-12	2e-12
*13/*39	2e-12	2e-12	2e-12	2e-12	2e-12	2e-12	2e-12	2e-12	2e-12	2e-12
*13/*4	2e-12	2e-12	2e-12	2e-12	2e-12	2e-12	2e-12	2e-12	2e-12	2e-12
*13/*40	2e-12	2e-12	2e-12	2e-12	2e-12	2e-12	2e-12	2e-12	2e-12	2e-12
*13/*41	2e-12	2e-12	0.0	0.0	2e-10	2e-12	2e-12	2e-12	2e-12	2.3555555555555554e-11
*13/*42	2e-12	2e-12	2e-12	2e-12	2e-12	2e-12	2e-12	2e-12	2e-12	2e-12
*13/*43	2e-12	2e-12	2e-12	2e-12	2e-12	2e-12	2e-12	2e-12	2e-12	2e-12
*13/*44	2e-12	2e-12	2e-12	2e-12	2e-12	2e-12	2e-12	2e-12	2e-12	2e-12
*13/*45	2e-12	2e-12	2e-12	2e-12	2e-12	2e-12	2e-12	2e-12	2e-12	2e-12
*13/*46	2e-12	2e-12	2e-12	2e-12	2e-12	2e-12	2e-12	2e-12	2e-12	2e-12
*13/*47	2e-12	2e-12	2e-12	2e-12	2e-12	2e-12	2e-12	2e-12	2e-12	2e-12
*13/*5	0.0	0.0	9e-09	2e-09	4.08e-08	2e-12	1e-07	0.0	0.0	1.6866888888888887e-08
*13/*6	2e-12	2e-12	0.0	0.0	0.0	2e-12	2e-12	2e-12	2e-12	1.3333333333333332e-12
*13/*7	2e-12	2e-12	2e-12	2e-12	2e-12	2e-12	2e-12	2e-12	2e-12	2e-12
*13/*8	2e-12	2e-12	0.0	0.0	0.0	2e-12	2e-12	2e-12	2e-12	1.3333333333333332e-12
*13/*9	2e-12	2e-12	2e-12	2e-12	2e-12	2e-12	2e-12	2e-12	2e-12	2e-12
*14/*14	1e-12	1e-12	1e-12	1e-12	0.01838736	1e-12	1e-12	1e-12	0.0	0.0020430400007777775
*14/*15	2e-08	4.8e-07	1.3039999999999998e-07	2.4899999999999997e-07	0.04073424	2e-12	3e-07	0.0	0.0	0.004526157711333333
*14/*16	2e-12	2e-12	0.0	9e-09	0.00016272	2e-12	2e-12	2e-12	0.0	1.8081001111111107e-05
*14/*19	2e-12	2e-12	2e-12	2e-12	2.712e-07	2e-12	2e-12	2e-12	0.0	3.013488888888889e-08
*14/*2	2e-12	2e-12	2e-12	2e-12	2.712e-07	2e-12	2e-12	2e-12	0.0	3.013488888888889e-08
*14/*20	2e-12	2e-12	2e-12	2e-12	0.01014288	2e-12	2e-12	2e-12	0.0	0.0011269866682222225
*14/*23	2e-12	2e-12	2e-10	0.0	2.712e-05	2e-12	2e-12	2e-12	0.0	3.0133566666666666e-06
*14/*24	2e-12	2e-12	2e-12	2e-12	2.712e-07	2e-12	2e-12	2e-12	0.0	3.013488888888889e-08
*14/*25	2e-12	2e-12	2e-12	2e-12	2.712e-07	2e-12	2e-12	2e-12	0.0	3.013488888888889e-08
*14/*26	2e-12	2e-12	5.999999999999999e-10	2e-12	5.424e-05	2e-12	2e-12	2e-12	0.0	6.026734666666666e-06
*14/*27	2e-12	2e-12	2e-12	0.0	2.712e-07	2e-12	2e-12	2e-12	0.0	3.013466666666667e-08
*14/*28	2e-12	2e-12	2e-12	2e-12	2.712e-07	2e-12	2e-12	2e-12	0.0	3.013488888888889e-08
*14/*29	2e-12	2e-12	2e-12	2e-12	2.712e-07	2e-12	2e-12	2e-12	0.0	3.013488888888889e-08
*14/*3	2e-12	2e-12	2e-12	2e-12	2.712e-07	2e-12	2e-12	2e-12	0.0	3.013488888888889e-08
*14/*30	2e-12	2e-12	2e-12	2e-12	2.712e-07	2e-12	2e-12	2e-12	0.0	3.013488888888889e-08
*14/*31	2e-12	2e-12	2e-12	2e-12	2.712e-07	2e-12	2e-12	2e-12	0.0	3.013488888888889e-08
*14/*32	2e-12	2e-12	2e-12	2e-12	2.712e-07	2e-12	2e-12	2e-12	0.0	3.013488888888889e-08
*14/*33	2e-12	2e-12	2e-12	2e-12	2.712e-07	2e-12	2e-12	2e-12	0.0	3.013488888888889e-08
*14/*34	2e-12	2e-12	0.0	0.0	0.0	2e-12	2e-12	2e-12	0.0	1.111111111111111e-12
*14/*36	2e-12	2e-12	0.0	0.0	0.0	2e-12	2e-12	2e-12	0.0	1.111111111111111e-12
*14/*37	1.5199999999999998e-06	7.799999999999999e-07	9.203999999999999e-07	1.2294e-06	0.06853224	2e-12	6.2e-07	1.32e-06	0.0	0.007615403311333333
*14/*38	2e-12	2e-12	2e-12	2e-12	2.712e-07	2e-12	2e-12	2e-12	0.0	3.013488888888889e-08
*14/*39	2e-12	2e-12	2e-12	2e-12	2.712e-07	2e-12	2e-12	2e-12	0.0	3.013488888888889e-08
*14/*4	2e-12	2e-12	2e-12	2e-12	2.712e-07	2e-12	2e-12	2e-12	0.0	3.013488888888889e-08
*14/*40	2e-12	2e-12	2e-12	2e-12	2.712e-07	2e-12	2e-12	2e-12	0.0	3.013488888888889e-08
*14/*41	2e-12	2e-12	0.0	0.0	2.712e-05	2e-12	2e-12	2e-12	0.0	3.013334444444444e-06
*14/*42	2e-12	2e-12	2e-12	2e-12	2.712e-07	2e-12	2e-12	2e-12	0.0	3.013488888888889e-08
*14/*43	2e-12	2e-12	2e-12	2e-12	2.712e-07	2e-12	2e-12	2e-12	0.0	3.013488888888889e-08
*14/*44	2e-12	2e-12	2e-12	2e-12	2.712e-07	2e-12	2e-12	2e-12	0.0	3.013488888888889e-08
*14/*45	2e-12	2e-12	2e-12	2e-12	2.712e-07	2e-12	2e-12	2e-12	0.0	3.013488888888889e-08
*14/*46	2e-12	2e-12	2e-12	2e-12	2.712e-07	2e-12	2e-12	2e-12	0.0	3.013488888888889e-08
*14/*47	2e-12	2e-12	2e-12	2e-12	2.712e-07	2e-12	2e-12	2e-12	0.0	3.013488888888889e-08
*14/*5	0.0	0.0	9e-09	2e-09	0.00553248	2e-12	1e-07	0.0	0.0	0.0006147323335555557
*14/*6	2e-12	2e-12	0.0	0.0	0.0	2e-12	2e-12	2e-12	0.0	1.111111111111111e-12
*14/*7	2e-12	2e-12	2e-12	2e-12	2.712e-07	2e-12	2e-12	2e-12	0.0	3.013488888888889e-08
*14/*8	2e-12	2e-12	0.0	0.0	0.0	2e-12	2e-12	2e-12	0.0	1.111111111111111e-12
*14/*9	2e-12	2e-12	2e-12	2e-12	2.712e-07	2e-12	2e-12	2e-12	0.0	3.013488888888889e-08
*15/*15	0.0001	0.0576	0.004251039999999999	0.01550025	0.02256004	1e-12	0.0225	0.0	0.0007784100000000001	0.013698860000111111
*15/*16	2e-08	4.8e-07	0.0	0.0011205	0.00018024	2e-12	3e-07	0.0	5.58e-08	0.00014462175577777776
*15/*19	2e-08	4.8e-07	1.3039999999999998e-07	2.4899999999999997e-07	3.0039999999999996e-07	2e-12	3e-07	0.0	5.58e-08	1.7062244444444443e-07
*15/*2	2e-08	4.8e-07	1.3039999999999998e-07	2.4899999999999997e-07	3.0039999999999996e-07	2e-12	3e-07	0.0	5.58e-08	1.7062244444444443e-07
*15/*20	2e-08	4.8e-07	1.3039999999999998e-07	2.4899999999999997e-07	0.01123496	2e-12	3e-07	0.0	5.58e-08	0.0012484661335555559
*15/*23	2e-08	4.8e-07	1.3039999999999999e-05	0.0	3.004e-05	2e-12	3e-07	0.0	5.58e-08	4.881755777777777e-06
*15/*24	2e-08	4.8e-07	1.3039999999999998e-07	2.4899999999999997e-07	3.0039999999999996e-07	2e-12	3e-07	0.0	5.58e-08	1.7062244444444443e-07
*15/*25	2e-08	4.8e-07	1.3039999999999998e-07	2.4899999999999997e-07	3.0039999999999996e-07	2e-12	3e-07	0.0	5.58e-08	1.7062244444444443e-07
*15/*26	2e-08	4.8e-07	3.911999999999999e-05	2.4899999999999997e-07	6.008e-05	2e-12	3e-07	0.0	5.58e-08	1.1144977999999999e-05
*15/*27	2e-08	4.8e-07	1.3039999999999998e-07	0.0	3.0039999999999996e-07	2e-12	3e-07	0.0	5.58e-08	1.4295577777777774e-07
*15/*28	2e-08	4.8e-07	1.3039999999999998e-07	2.4899999999999997e-07	3.0039999999999996e-07	2e-12	3e-07	0.0	5.58e-08	1.7062244444444443e-07
*15/*29	2e-08	4.8e-07	1.3039999999999998e-07	2.4899999999999997e-07	3.0039999999999996e-07	2e-12	3e-07	0.0	5.58e-08	1.7062244444444443e-07
*15/*3	2e-08	4.8e-07	1.3039999999999998e-07	2.4899999999999997e-07	3.0039999999999996e-07	2e-12	3e-07	0.0	5.58e-08	1.7062244444444443e-07
*15/*30	2e-08	4.8e-07	1.3039999999999998e-07	2.4899999999999997e-07	3.0039999999999996e-07	2e-12	3e-07	0.0	5.58e-08	1.7062244444444443e-07
*15/*31	2e-08	4.8e-07	1.3039999999999998e-07	2.4899999999999997e-07	3.0039999999999996e-07	2e-12	3e-07	0.0	5.58e-08	1.7062244444444443e-07
*15/*32	2e-08	4.8e-07	1.3039999999999998e-07	2.4899999999999997e-07	3.0039999999999996e-07	2e-12	3e-07	0.0	5.58e-08	1.7062244444444443e-07
*15/*33	2e-08	4.8e-07	1.3039999999999998e-07	2.4899999999999997e-07	3.0039999999999996e-07	2e-12	3e-07	0.0	5.58e-08	1.7062244444444443e-07
*15/*34	2e-08	4.8e-07	0.0	0.0	0.0	2e-12	3e-07	0.0	5.58e-08	9.50891111111111e-08
*15/*36	2e-08	4.8e-07	0.0	0.0	0.0	2e-12	3e-07	0.0	5.58e-08	9.50891111111111e-08
*15/*37	0.0152	0.1872	0.06001007999999999	0.1530603	0.07591107999999999	2e-12	0.093	0.0	0.04468464	0.06989623333355557
*15/*38	2e-08	4.8e-07	1.3039999999999998e-07	2.4899999999999997e-07	3.0039999999999996e-07	2e-12	3e-07	0.0	5.58e-08	1.7062244444444443e-07
*15/*39	2e-08	4.8e-07	1.3039999999999998e-07	2.4899999999999997e-07	3.0039999999999996e-07	2e-12	3e-07	0.0	5.58e-08	1.7062244444444443e-07
*15/*4	2e-08	4.8e-07	1.3039999999999998e-07	2.4899999999999997e-07	3.0039999999999996e-07	2e-12	3e-07	0.0	5.58e-08	1.7062244444444443e-07
*15/*40	2e-08	4.8e-07	1.3039999999999998e-07	2.4899999999999997e-07	3.0039999999999996e-07	2e-12	3e-07	0.0	5.58e-08	1.7062244444444443e-07
*15/*41	2e-08	4.8e-07	0.0	0.0	3.004e-05	2e-12	3e-07	0.0	5.58e-08	3.432866888888889e-06
*15/*42	2e-08	4.8e-07	1.3039999999999998e-07	2.4899999999999997e-07	3.0039999999999996e-07	2e-12	3e-07	0.0	5.58e-08	1.7062244444444443e-07
*15/*43	2e-08	4.8e-07	1.3039999999999998e-07	2.4899999999999997e-07	3.0039999999999996e-07	2e-12	3e-07	0.0	5.58e-08	1.7062244444444443e-07
*15/*44	2e-08	4.8e-07	1.3039999999999998e-07	2.4899999999999997e-07	3.0039999999999996e-07	2e-12	3e-07	0.0	5.58e-08	1.7062244444444443e-07
*15/*45	2e-08	4.8e-07	1.3039999999999998e-07	2.4899999999999997e-07	3.0039999999999996e-07	2e-12	3e-07	0.0	5.58e-08	1.7062244444444443e-07
*15/*46	2e-08	4.8e-07	1.3039999999999998e-07	2.4899999999999997e-07	3.0039999999999996e-07	2e-12	3e-07	0.0	5.58e-08	1.7062244444444443e-07
*15/*47	2e-08	4.8e-07	1.3039999999999998e-07	2.4899999999999997e-07	3.0039999999999996e-07	2e-12	3e-07	0.0	5.58e-08	1.7062244444444443e-07
*15/*5	0.0	0.0	0.0005868	0.000249	0.0061281600000000006	2e-12	0.015	0.0	0.0	0.0024404400002222223
*15/*6	2e-08	4.8e-07	0.0	0.0	0.0	2e-12	3e-07	0.0	5.58e-08	9.50891111111111e-08
*15/*7	2e-08	4.8e-07	1.3039999999999998e-07	2.4899999999999997e-07	3.0039999999999996e-07	2e-12	3e-07	0.0	5.58e-08	1.7062244444444443e-07
*15/*8	2e-08	4.8e-07	0.0	0.0	0.0	2e-12	3e-07	0.0	5.58e-08	9.50891111111111e-08
*15/*9	2e-08	4.8e-07	1.3039999999999998e-07	2.4899999999999997e-07	3.0039999999999996e-07	2e-12	3e-07	0.0	5.58e-08	1.7062244444444443e-07
*16/*16	1e-12	1e-12	0.0	2.0249999999999998e-05	3.5999999999999994e-07	1e-12	1e-12	1e-12	1e-12	2.290000666666666e-06
*16/*19	2e-12	2e-12	0.0	9e-09	1.1999999999999998e-09	2e-12	2e-12	2e-12	2e-12	1.1346666666666667e-09
*16/*2	2e-12	2e-12	0.0	9e-09	1.1999999999999998e-09	2e-12	2e-12	2e-12	2e-12	1.1346666666666667e-09
*16/*20	2e-12	2e-12	0.0	9e-09	4.488e-05	2e-12	2e-12	2e-12	2e-12	4.987667999999999e-06
*16/*23	2e-12	2e-12	0.0	0.0	1.2e-07	2e-12	2e-12	2e-12	2e-12	1.3334666666666667e-08
*16/*24	2e-12	2e-12	0.0	9e-09	1.1999999999999998e-09	2e-12	2e-12	2e-12	2e-12	1.1346666666666667e-09
*16/*25	2e-12	2e-12	0.0	9e-09	1.1999999999999998e-09	2e-12	2e-12	2e-12	2e-12	1.1346666666666667e-09
*16/*26	2e-12	2e-12	0.0	9e-09	2.4e-07	2e-12	2e-12	2e-12	2e-12	2.7667999999999997e-08
*16/*27	2e-12	2e-12	0.0	0.0	1.1999999999999998e-09	2e-12	2e-12	2e-12	2e-12	1.3466666666666664e-10
*16/*28	2e-12	2e-12	0.0	9e-09	1.1999999999999998e-09	2e-12	2e-12	2e-12	2e-12	1.1346666666666667e-09
*16/*29	2e-12	2e-12	0.0	9e-09	1.1999999999999998e-09	2e-12	2e-12	2e-12	2e-12	1.1346666666666667e-09
*16/*3	2e-12	2e-12	0.0	9e-09	1.1999999999999998e-09	2e-12	2e-12	2e-12	2e-12	1.1346666666666667e-09
*16/*30	2e-12	2e-12	0.0	9e-09	1.1999999999999998e-09	2e-12	2e-12	2e-12	2e-12	1.1346666666666667e-09
*16/*31	2e-12	2e-12	0.0	9e-09	1.1999999999999998e-09	2e-12	2e-12	2e-12	2e-12	1.1346666666666667e-09
*16/*32	2e-12	2e-12	0.0	9e-09	1.1999999999999998e-09	2e-12	2e-12	2e-12	2e-12	1.1346666666666667e-09
*16/*33	2e-12	2e-12	0.0	9e-09	1.1999999999999998e-09	2e-12	2e-12	2e-12	2e-12	1.1346666666666667e-09
*16/*34	2e-12	2e-12	0.0	0.0	0.0	2e-12	2e-12	2e-12	2e-12	1.3333333333333332e-12
*16/*36	2e-12	2e-12	0.0	0.0	0.0	2e-12	2e-12	2e-12	2e-12	1.3333333333333332e-12
*16/*37	1.5199999999999998e-06	7.799999999999999e-07	0.0	0.0055322999999999995	0.00030324	2e-12	6.2e-07	1.32e-06	1.6015999999999998e-06	0.0006490424002222221
*16/*38	2e-12	2e-12	0.0	9e-09	1.1999999999999998e-09	2e-12	2e-12	2e-12	2e-12	1.1346666666666667e-09
*16/*39	2e-12	2e-12	0.0	9e-09	1.1999999999999998e-09	2e-12	2e-12	2e-12	2e-12	1.1346666666666667e-09
*16/*4	2e-12	2e-12	0.0	9e-09	1.1999999999999998e-09	2e-12	2e-12	2e-12	2e-12	1.1346666666666667e-09
*16/*40	2e-12	2e-12	0.0	9e-09	1.1999999999999998e-09	2e-12	2e-12	2e-12	2e-12	1.1346666666666667e-09
*16/*41	2e-12	2e-12	0.0	0.0	1.2e-07	2e-12	2e-12	2e-12	2e-12	1.3334666666666667e-08
*16/*42	2e-12	2e-12	0.0	9e-09	1.1999999999999998e-09	2e-12	2e-12	2e-12	2e-12	1.1346666666666667e-09
*16/*43	2e-12	2e-12	0.0	9e-09	1.1999999999999998e-09	2e-12	2e-12	2e-12	2e-12	1.1346666666666667e-09
*16/*44	2e-12	2e-12	0.0	9e-09	1.1999999999999998e-09	2e-12	2e-12	2e-12	2e-12	1.1346666666666667e-09
*16/*45	2e-12	2e-12	0.0	9e-09	1.1999999999999998e-09	2e-12	2e-12	2e-12	2e-12	1.1346666666666667e-09
*16/*46	2e-12	2e-12	0.0	9e-09	1.1999999999999998e-09	2e-12	2e-12	2e-12	2e-12	1.1346666666666667e-09
*16/*47	2e-12	2e-12	0.0	9e-09	1.1999999999999998e-09	2e-12	2e-12	2e-12	2e-12	1.1346666666666667e-09
*16/*5	0.0	0.0	0.0	9e-06	2.448e-05	2e-12	1e-07	0.0	0.0	3.7311113333333334e-06
*16/*6	2e-12	2e-12	0.0	0.0	0.0	2e-12	2e-12	2e-12	2e-12	1.3333333333333332e-12
*16/*7	2e-12	2e-12	0.0	9e-09	1.1999999999999998e-09	2e-12	2e-12	2e-12	2e-12	1.1346666666666667e-09
*16/*8	2e-12	2e-12	0.0	0.0	0.0	2e-12	2e-12	2e-12	2e-12	1.3333333333333332e-12
*16/*9	2e-12	2e-12	0.0	9e-09	1.1999999999999998e-09	2e-12	2e-12	2e-12	2e-12	1.1346666666666667e-09
*19/*19	1e-12	1e-12	1e-12	1e-12	1e-12	1e-12	1e-12	1e-12	1e-12	1e-12
*19/*2	2e-12	2e-12	2e-12	2e-12	2e-12	2e-12	2e-12	2e-12	2e-12	2e-12
*19/*20	2e-12	2e-12	2e-12	2e-12	7.480000000000001e-08	2e-12	2e-12	2e-12	2e-12	8.31288888888889e-09
*19/*23	2e-12	2e-12	2e-10	0.0	2e-10	2e-12	2e-12	2e-12	2e-12	4.577777777777778e-11
*19/*24	2e-12	2e-12	2e-12	2e-12	2e-12	2e-12	2e-12	2e-12	2e-12	2e-12
*19/*25	2e-12	2e-12	2e-12	2e-12	2e-12	2e-12	2e-12	2e-12	2e-12	2e-12
*19/*26	2e-12	2e-12	5.999999999999999e-10	2e-12	4e-10	2e-12	2e-12	2e-12	2e-12	1.1266666666666664e-10
*19/*27	2e-12	2e-12	2e-12	0.0	2e-12	2e-12	2e-12	2e-12	2e-12	1.7777777777777778e-12
*19/*28	2e-12	2e-12	2e-12	2e-12	2e-12	2e-12	2e-12	2e-12	2e-12	2e-12
*19/*29	2e-12	2e-12	2e-12	2e-12	2e-12	2e-12	2e-12	2e-12	2e-12	2e-12
*19/*3	2e-12	2e-12	2e-12	2e-12	2e-12	2e-12	2e-12	2e-12	2e-12	2e-12
*19/*30	2e-12	2e-12	2e-12	2e-12	2e-12	2e-12	2e-12	2e-12	2e-12	2e-12
*19/*31	2e-12	2e-12	2e-12	2e-12	2e-12	2e-12	2e-12	2e-12	2e-12	2e-12
*19/*32	2e-12	2e-12	2e-12	2e-12	2e-12	2e-12	2e-12	2e-12	2e-12	2e-12
*19/*33	2e-12	2e-12	2e-12	2e-12	2e-12	2e-12	2e-12	2e-12	2e-12	2e-12
*19/*34	2e-12	2e-12	0.0	0.0	0.0	2e-12	2e-12	2e-12	2e-12	1.3333333333333332e-12
*19/*36	2e-12	2e-12	0.0	0.0	0.0	2e-12	2e-12	2e-12	2e-12	1.3333333333333332e-12
*19/*37	1.5199999999999998e-06	7.799999999999999e-07	9.203999999999999e-07	1.2294e-06	5.054e-07	2e-12	6.2e-07	1.32e-06	1.6015999999999998e-06	9.440891111111109e-07
*19/*38	2e-12	2e-12	2e-12	2e-12	2e-12	2e-12	2e-12	2e-12	2e-12	2e-12
*19/*39	2e-12	2e-12	2e-12	2e-12	2e-12	2e-12	2e-12	2e-12	2e-12	2e-12
*19/*4	2e-12	2e-12	2e-12	2e-12	2e-12	2e-12	2e-12	2e-12	2e-12	2e-12
*19/*40	2e-12	2e-12	2e-12	2e-12	2e-12	2e-12	2e-12	2e-12	2e-12	2e-12
*19/*41	2e-12	2e-12	0.0	0.0	2e-10	2e-12	2e-12	2e-12	2e-12	2.3555555555555554e-11
*19/*42	2e-12	2e-12	2e-12	2e-12	2e-12	2e-12	2e-12	2e-12	2e-12	2e-12
*19/*43	2e-12	2e-12	2e-12	2e-12	2e-12	2e-12	2e-12	2e-12	2e-12	2e-12
*19/*44	2e-12	2e-12	2e-12	2e-12	2e-12	2e-12	2e-12	2e-12	2e-12	2e-12
*19/*45	2e-12	2e-12	2e-12	2e-12	2e-12	2e-12	2e-12	2e-12	2e-12	2e-12
*19/*46	2e-12	2e-12	2e-12	2e-12	2e-12	2e-12	2e-12	2e-12	2e-12	2e-12
*19/*47	2e-12	2e-12	2e-12	2e-12	2e-12	2e-12	2e-12	2e-12	2e-12	2e-12
*19/*5	0.0	0.0	9e-09	2e-09	4.08e-08	2e-12	1e-07	0.0	0.0	1.6866888888888887e-08
*19/*6	2e-12	2e-12	0.0	0.0	0.0	2e-12	2e-12	2e-12	2e-12	1.3333333333333332e-12
*19/*7	2e-12	2e-12	2e-12	2e-12	2e-12	2e-12	2e-12	2e-12	2e-12	2e-12
*19/*8	2e-12	2e-12	0.0	0.0	0.0	2e-12	2e-12	2e-12	2e-12	1.3333333333333332e-12
*19/*9	2e-12	2e-12	2e-12	2e-12	2e-12	2e-12	2e-12	2e-12	2e-12	2e-12
*2/*2	1e-12	1e-12	1e-12	1e-12	1e-12	1e-12	1e-12	1e-12	1e-12	1e-12
*2/*20	2e-12	2e-12	2e-12	2e-12	7.480000000000001e-08	2e-12	2e-12	2e-12	2e-12	8.31288888888889e-09
*2/*23	2e-12	2e-12	2e-10	0.0	2e-10	2e-12	2e-12	2e-12	2e-12	4.577777777777778e-11
*2/*24	2e-12	2e-12	2e-12	2e-12	2e-12	2e-12	2e-12	2e-12	2e-12	2e-12
*2/*25	2e-12	2e-12	2e-12	2e-12	2e-12	2e-12	2e-12	2e-12	2e-12	2e-12
*2/*26	2e-12	2e-12	5.999999999999999e-10	2e-12	4e-10	2e-12	2e-12	2e-12	2e-12	1.1266666666666664e-10
*2/*27	2e-12	2e-12	2e-12	0.0	2e-12	2e-12	2e-12	2e-12	2e-12	1.7777777777777778e-12
*2/*28	2e-12	2e-12	2e-12	2e-12	2e-12	2e-12	2e-12	2e-12	2e-12	2e-12
*2/*29	2e-12	2e-12	2e-12	2e-12	2e-12	2e-12	2e-12	2e-12	2e-12	2e-12
*2/*3	2e-12	2e-12	2e-12	2e-12	2e-12	2e-12	2e-12	2e-12	2e-12	2e-12
*2/*30	2e-12	2e-12	2e-12	2e-12	2e-12	2e-12	2e-12	2e-12	2e-12	2e-12
*2/*31	2e-12	2e-12	2e-12	2e-12	2e-12	2e-12	2e-12	2e-12	2e-12	2e-12
*2/*32	2e-12	2e-12	2e-12	2e-12	2e-12	2e-12	2e-12	2e-12	2e-12	2e-12
*2/*33	2e-12	2e-12	2e-12	2e-12	2e-12	2e-12	2e-12	2e-12	2e-12	2e-12
*2/*34	2e-12	2e-12	0.0	0.0	0.0	2e-12	2e-12	2e-12	2e-12	1.3333333333333332e-12
*2/*36	2e-12	2e-12	0.0	0.0	0.0	2e-12	2e-12	2e-12	2e-12	1.3333333333333332e-12
*2/*37	1.5199999999999998e-06	7.799999999999999e-07	9.203999999999999e-07	1.2294e-06	5.054e-07	2e-12	6.2e-07	1.32e-06	1.6015999999999998e-06	9.440891111111109e-07
*2/*38	2e-12	2e-12	2e-12	2e-12	2e-12	2e-12	2e-12	2e-12	2e-12	2e-12
*2/*39	2e-12	2e-12	2e-12	2e-12	2e-12	2e-12	2e-12	2e-12	2e-12	2e-12
*2/*4	2e-12	2e-12	2e-12	2e-12	2e-12	2e-12	2e-12	2e-12	2e-12	2e-12
*2/*40	2e-12	2e-12	2e-12	2e-12	2e-12	2e-12	2e-12	2e-12	2e-12	2e-12
*2/*41	2e-12	2e-12	0.0	0.0	2e-10	2e-12	2e-12	2e-12	2e-12	2.3555555555555554e-11
*2/*42	2e-12	2e-12	2e-12	2e-12	2e-12	2e-12	2e-12	2e-12	2e-12	2e-12
*2/*43	2e-12	2e-12	2e-12	2e-12	2e-12	2e-12	2e-12	2e-12	2e-12	2e-12
*2/*44	2e-12	2e-12	2e-12	2e-12	2e-12	2e-12	2e-12	2e-12	2e-12	2e-12
*2/*45	2e-12	2e-12	2e-12	2e-12	2e-12	2e-12	2e-12	2e-12	2e-12	2e-12
*2/*46	2e-12	2e-12	2e-12	2e-12	2e-12	2e-12	2e-12	2e-12	2e-12	2e-12
*2/*47	2e-12	2e-12	2e-12	2e-12	2e-12	2e-12	2e-12	2e-12	2e-12	2e-12
*2/*5	0.0	0.0	9e-09	2e-09	4.08e-08	2e-12	1e-07	0.0	0.0	1.6866888888888887e-08
*2/*6	2e-12	2e-12	0.0	0.0	0.0	2e-12	2e-12	2e-12	2e-12	1.3333333333333332e-12
*2/*7	2e-12	2e-12	2e-12	2e-12	2e-12	2e-12	2e-12	2e-12	2e-12	2e-12
*2/*8	2e-12	2e-12	0.0	0.0	0.0	2e-12	2e-12	2e-12	2e-12	1.3333333333333332e-12
*2/*9	2e-12	2e-12	2e-12	2e-12	2e-12	2e-12	2e-12	2e-12	2e-12	2e-12
*20/*20	1e-12	1e-12	1e-12	1e-12	0.0013987600000000002	1e-12	1e-12	1e-12	1e-12	0.0001554177786666667
*20/*23	2e-12	2e-12	2e-10	0.0	7.480000000000001e-06	2e-12	2e-12	2e-12	2e-12	8.311346666666666e-07
*20/*24	2e-12	2e-12	2e-12	2e-12	7.480000000000001e-08	2e-12	2e-12	2e-12	2e-12	8.31288888888889e-09
*20/*25	2e-12	2e-12	2e-12	2e-12	7.480000000000001e-08	2e-12	2e-12	2e-12	2e-12	8.31288888888889e-09
*20/*26	2e-12	2e-12	5.999999999999999e-10	2e-12	1.4960000000000002e-05	2e-12	2e-12	2e-12	2e-12	1.6622904444444448e-06
*20/*27	2e-12	2e-12	2e-12	0.0	7.480000000000001e-08	2e-12	2e-12	2e-12	2e-12	8.312666666666667e-09
*20/*28	2e-12	2e-12	2e-12	2e-12	7.480000000000001e-08	2e-12	2e-12	2e-12	2e-12	8.31288888888889e-09
*20/*29	2e-12	2e-12	2e-12	2e-12	7.480000000000001e-08	2e-12	2e-12	2e-12	2e-12	8.31288888888889e-09
*20/*3	2e-12	2e-12	2e-12	2e-12	7.480000000000001e-08	2e-12	2e-12	2e-12	2e-12	8.31288888888889e-09
*20/*30	2e-12	2e-12	2e-12	2e-12	7.480000000000001e-08	2e-12	2e-12	2e-12	2e-12	8.31288888888889e-09
*20/*31	2e-12	2e-12	2e-12	2e-12	7.480000000000001e-08	2e-12	2e-12	2e-12	2e-12	8.31288888888889e-09
*20/*32	2e-12	2e-12	2e-12	2e-12	7.480000000000001e-08	2e-12	2e-12	2e-12	2e-12	8.31288888888889e-09
*20/*33	2e-12	2e-12	2e-12	2e-12	7.480000000000001e-08	2e-12	2e-12	2e-12	2e-12	8.31288888888889e-09
*20/*34	2e-12	2e-12	0.0	0.0	0.0	2e-12	2e-12	2e-12	2e-12	1.3333333333333332e-12
*20/*36	2e-12	2e-12	0.0	0.0	0.0	2e-12	2e-12	2e-12	2e-12	1.3333333333333332e-12
*20/*37	1.5199999999999998e-06	7.799999999999999e-07	9.203999999999999e-07	1.2294e-06	0.01890196	2e-12	6.2e-07	1.32e-06	1.6015999999999998e-06	0.002101105711333333
*20/*38	2e-12	2e-12	2e-12	2e-12	7.480000000000001e-08	2e-12	2e-12	2e-12	2e-12	8.31288888888889e-09
*20/*39	2e-12	2e-12	2e-12	2e-12	7.480000000000001e-08	2e-12	2e-12	2e-12	2e-12	8.31288888888889e-09
*20/*4	2e-12	2e-12	2e-12	2e-12	7.480000000000001e-08	2e-12	2e-12	2e-12	2e-12	8.31288888888889e-09
*20/*40	2e-12	2e-12	2e-12	2e-12	7.480000000000001e-08	2e-12	2e-12	2e-12	2e-12	8.31288888888889e-09
*20/*41	2e-12	2e-12	0.0	0.0	7.480000000000001e-06	2e-12	2e-12	2e-12	2e-12	8.311124444444444e-07
*20/*42	2e-12	2e-12	2e-12	2e-12	7.480000000000001e-08	2e-12	2e-12	2e-12	2e-12	8.31288888888889e-09
*20/*43	2e-12	2e-12	2e-12	2e-12	7.480000000000001e-08	2e-12	2e-12	2e-12	2e-12	8.31288888888889e-09
*20/*44	2e-12	2e-12	2e-12	2e-12	7.480000000000001e-08	2e-12	2e-12	2e-12	2e-12	8.31288888888889e-09
*20/*45	2e-12	2e-12	2e-12	2e-12	7.480000000000001e-08	2e-12	2e-12	2e-12	2e-12	8.31288888888889e-09
*20/*46	2e-12	2e-12	2e-12	2e-12	7.480000000000001e-08	2e-12	2e-12	2e-12	2e-12	8.31288888888889e-09
*20/*47	2e-12	2e-12	2e-12	2e-12	7.480000000000001e-08	2e-12	2e-12	2e-12	2e-12	8.31288888888889e-09
*20/*5	0.0	0.0	9e-09	2e-09	0.0015259200000000003	2e-12	1e-07	0.0	0.0	0.00016955900022222226
*20/*6	2e-12	2e-12	0.0	0.0	0.0	2e-12	2e-12	2e-12	2e-12	1.3333333333333332e-12
*20/*7	2e-12	2e-12	2e-12	2e-12	7.480000000000001e-08	2e-12	2e-12	2e-12	2e-12	8.31288888888889e-09
*20/*8	2e-12	2e-12	0.0	0.0	0.0	2e-12	2e-12	2e-12	2e-12	1.3333333333333332e-12
*20/*9	2e-12	2e-12	2e-12	2e-12	7.480000000000001e-08	2e-12	2e-12	2e-12	2e-12	8.31288888888889e-09
*23/*23	1e-12	1e-12	1e-08	0.0	1e-08	1e-12	1e-12	1e-12	1e-12	2.22288888888889e-09
*23/*24	2e-12	2e-12	2e-10	0.0	2e-10	2e-12	2e-12	2e-12	2e-12	4.577777777777778e-11
*23/*25	2e-12	2e-12	2e-10	0.0	2e-10	2e-12	2e-12	2e-12	2e-12	4.577777777777778e-11
*23/*26	2e-12	2e-12	6e-08	0.0	4e-08	2e-12	2e-12	2e-12	2e-12	1.1112444444444446e-08
*23/*27	2e-12	2e-12	2e-10	0.0	2e-10	2e-12	2e-12	2e-12	2e-12	4.577777777777778e-11
*23/*28	2e-12	2e-12	2e-10	0.0	2e-10	2e-12	2e-12	2e-12	2e-12	4.577777777777778e-11
*23/*29	2e-12	2e-12	2e-10	0.0	2e-10	2e-12	2e-12	2e-12	2e-12	4.577777777777778e-11
*23/*3	2e-12	2e-12	2e-10	0.0	2e-10	2e-12	2e-12	2e-12	2e-12	4.577777777777778e-11
*23/*30	2e-12	2e-12	2e-10	0.0	2e-10	2e-12	2e-12	2e-12	2e-12	4.577777777777778e-11
*23/*31	2e-12	2e-12	2e-10	0.0	2e-10	2e-12	2e-12	2e-12	2e-12	4.577777777777778e-11
*23/*32	2e-12	2e-12	2e-10	0.0	2e-10	2e-12	2e-12	2e-12	2e-12	4.577777777777778e-11
*23/*33	2e-12	2e-12	2e-10	0.0	2e-10	2e-12	2e-12	2e-12	2e-12	4.577777777777778e-11
*23/*34	2e-12	2e-12	0.0	0.0	0.0	2e-12	2e-12	2e-12	2e-12	1.3333333333333332e-12
*23/*36	2e-12	2e-12	0.0	0.0	0.0	2e-12	2e-12	2e-12	2e-12	1.3333333333333332e-12
*23/*37	1.5199999999999998e-06	7.799999999999999e-07	9.204e-05	0.0	5.054e-05	2e-12	6.2e-07	1.32e-06	1.6015999999999998e-06	1.649128911111111e-05
*23/*38	2e-12	2e-12	2e-10	0.0	2e-10	2e-12	2e-12	2e-12	2e-12	4.577777777777778e-11
*23/*39	2e-12	2e-12	2e-10	0.0	2e-10	2e-12	2e-12	2e-12	2e-12	4.577777777777778e-11
*23/*4	2e-12	2e-12	2e-10	0.0	2e-10	2e-12	2e-12	2e-12	2e-12	4.577777777777778e-11
*23/*40	2e-12	2e-12	2e-10	0.0	2e-10	2e-12	2e-12	2e-12	2e-12	4.577777777777778e-11
*23/*41	2e-12	2e-12	0.0	0.0	2e-08	2e-12	2e-12	2e-12	2e-12	2.2235555555555555e-09
*23/*42	2e-12	2e-12	2e-10	0.0	2e-10	2e-12	2e-12	2e-12	2e-12	4.577777777777778e-11
*23/*43	2e-12	2e-12	2e-10	0.0	2e-10	2e-12	2e-12	2e-12	2e-12	4.577777777777778e-11
*23/*44	2e-12	2e-12	2e-10	0.0	2e-10	2e-12	2e-12	2e-12	2e-12	4.577777777777778e-11
*23/*45	2e-12	2e-12	2e-10	0.0	2e-10	2e-12	2e-12	2e-12	2e-12	4.577777777777778e-11
*23/*46	2e-12	2e-12	2e-10	0.0	2e-10	2e-12	2e-12	2e-12	2e-12	4.577777777777778e-11
*23/*47	2e-12	2e-12	2e-10	0.0	2e-10	2e-12	2e-12	2e-12	2e-12	4.577777777777778e-11
*23/*5	0.0	0.0	9e-07	0.0	4.080000000000001e-06	2e-12	1e-07	0.0	0.0	5.644446666666667e-07
*23/*6	2e-12	2e-12	0.0	0.0	0.0	2e-12	2e-12	2e-12	2e-12	1.3333333333333332e-12
*23/*7	2e-12	2e-12	2e-10	0.0	2e-10	2e-12	2e-12	2e-12	2e-12	4.577777777777778e-11
*23/*8	2e-12	2e-12	0.0	0.0	0.0	2e-12	2e-12	2e-12	2e-12	1.3333333333333332e-12
*23/*9	2e-12	2e-12	2e-10	0.0	2e-10	2e-12	2e-12	2e-12	2e-12	4.577777777777778e-11
*24/*24	1e-12	1e-12	1e-12	1e-12	1e-12	1e-12	1e-12	1e-12	1e-12	1e-12
*24/*25	2e-12	2e-12	2e-12	2e-12	2e-12	2e-12	2e-12	2e-12	2e-12	2e-12
*24/*26	2e-12	2e-12	5.999999999999999e-10	2e-12	4e-10	2e-12	2e-12	2e-12	2e-12	1.1266666666666664e-10
*24/*27	2e-12	2e-12	2e-12	0.0	2e-12	2e-12	2e-12	2e-12	2e-12	1.7777777777777778e-12
*24/*28	2e-12	2e-12	2e-12	2e-12	2e-12	2e-12	2e-12	2e-12	2e-12	2e-12
*24/*29	2e-12	2e-12	2e-12	2e-12	2e-12	2e-12	2e-12	2e-12	2e-12	2e-12
*24/*3	2e-12	2e-12	2e-12	2e-12	2e-12	2e-12	2e-12	2e-12	2e-12	2e-12
*24/*30	2e-12	2e-12	2e-12	2e-12	2e-12	2e-12	2e-12	2e-12	2e-12	2e-12
*24/*31	2e-12	2e-12	2e-12	2e-12	2e-12	2e-12	2e-12	2e-12	2e-12	2e-12
*24/*32	2e-12	2e-12	2e-12	2e-12	2e-12	2e-12	2e-12	2e-12	2e-12	2e-12
*24/*33	2e-12	2e-12	2e-12	2e-12	2e-12	2e-12	2e-12	2e-12	2e-12	2e-12
*24/*34	2e-12	2e-12	0.0	0.0	0.0	2e-12	2e-12	2e-12	2e-12	1.3333333333333332e-12
*24/*36	2e-12	2e-12	0.0	0.0	0.0	2e-12	2e-12	2e-12	2e-12	1.3333333333333332e-12
*24/*37	1.5199999999999998e-06	7.799999999999999e-07	9.203999999999999e-07	1.2294e-06	5.054e-07	2e-12	6.2e-07	1.32e-06	1.6015999999999998e-06	9.440891111111109e-07
*24/*38	2e-12	2e-12	2e-12	2e-12	2e-12	2e-12	2e-12	2e-12	2e-12	2e-12
*24/*39	2e-12	2e-12	2e-12	2e-12	2e-12	2e-12	2e-12	2e-12	2e-12	2e-12
*24/*4	2e-12	2e-12	2e-12	2e-12	2e-12	2e-12	2e-12	2e-12	2e-12	2e-12
*24/*40	2e-12	2e-12	2e-12	2e-12	2e-12	2e-12	2e-12	2e-12	2e-12	2e-12
*24/*41	2e-12	2e-12	0.0	0.0	2e-10	2e-12	2e-12	2e-12	2e-12	2.3555555555555554e-11
*24/*42	2e-12	2e-12	2e-12	2e-12	2e-12	2e-12	2e-12	2e-12	2e-12	2e-12
*24/*43	2e-12	2e-12	2e-12	2e-12	2e-12	2e-12	2e-12	2e-12	2e-12	2e-12
*24/*44	2e-12	2e-12	2e-12	2e-12	2e-12	2e-12	2e-12	2e-12	2e-12	2e-12
*24/*45	2e-12	2e-12	2e-12	2e-12	2e-12	2e-12	2e-12	2e-12	2e-12	2e-12
*24/*46	2e-12	2e-12	2e-12	2e-12	2e-12	2e-12	2e-12	2e-12	2e-12	2e-12
*24/*47	2e-12	2e-12	2e-12	2e-12	2e-12	2e-12	2e-12	2e-12	2e-12	2e-12
*24/*5	0.0	0.0	9e-09	2e-09	4.08e-08	2e-12	1e-07	0.0	0.0	1.6866888888888887e-08
*24/*6	2e-12	2e-12	0.0	0.0	0.0	2e-12	2e-12	2e-12	2e-12	1.3333333333333332e-12
*24/*7	2e-12	2e-12	2e-12	2e-12	2e-12	2e-12	2e-12	2e-12	2e-12	2e-12
*24/*8	2e-12	2e-12	0.0	0.0	0.0	2e-12	2e-12	2e-12	2e-12	1.3333333333333332e-12
*24/*9	2e-12	2e-12	2e-12	2e-12	2e-12	2e-12	2e-12	2e-12	2e-12	2e-12
*25/*25	1e-12	1e-12	1e-12	1e-12	1e-12	1e-12	1e-12	1e-12	1e-12	1e-12
*25/*26	2e-12	2e-12	5.999999999999999e-10	2e-12	4e-10	2e-12	2e-12	2e-12	2e-12	1.1266666666666664e-10
*25/*27	2e-12	2e-12	2e-12	0.0	2e-12	2e-12	2e-12	2e-12	2e-12	1.7777777777777778e-12
*25/*28	2e-12	2e-12	2e-12	2e-12	2e-12	2e-12	2e-12	2e-12	2e-12	2e-12
*25/*29	2e-12	2e-12	2e-12	2e-12	2e-12	2e-12	2e-12	2e-12	2e-12	2e-12
*25/*3	2e-12	2e-12	2e-12	2e-12	2e-12	2e-12	2e-12	2e-12	2e-12	2e-12
*25/*30	2e-12	2e-12	2e-12	2e-12	2e-12	2e-12	2e-12	2e-12	2e-12	2e-12
*25/*31	2e-12	2e-12	2e-12	2e-12	2e-12	2e-12	2e-12	2e-12	2e-12	2e-12
*25/*32	2e-12	2e-12	2e-12	2e-12	2e-12	2e-12	2e-12	2e-12	2e-12	2e-12
*25/*33	2e-12	2e-12	2e-12	2e-12	2e-12	2e-12	2e-12	2e-12	2e-12	2e-12
*25/*34	2e-12	2e-12	0.0	0.0	0.0	2e-12	2e-12	2e-12	2e-12	1.3333333333333332e-12
*25/*36	2e-12	2e-12	0.0	0.0	0.0	2e-12	2e-12	2e-12	2e-12	1.3333333333333332e-12
*25/*37	1.5199999999999998e-06	7.799999999999999e-07	9.203999999999999e-07	1.2294e-06	5.054e-07	2e-12	6.2e-07	1.32e-06	1.6015999999999998e-06	9.440891111111109e-07
*25/*38	2e-12	2e-12	2e-12	2e-12	2e-12	2e-12	2e-12	2e-12	2e-12	2e-12
*25/*39	2e-12	2e-12	2e-12	2e-12	2e-12	2e-12	2e-12	2e-12	2e-12	2e-12
*25/*4	2e-12	2e-12	2e-12	2e-12	2e-12	2e-12	2e-12	2e-12	2e-12	2e-12
*25/*40	2e-12	2e-12	2e-12	2e-12	2e-12	2e-12	2e-12	2e-12	2e-12	2e-12
*25/*41	2e-12	2e-12	0.0	0.0	2e-10	2e-12	2e-12	2e-12	2e-12	2.3555555555555554e-11
*25/*42	2e-12	2e-12	2e-12	2e-12	2e-12	2e-12	2e-12	2e-12	2e-12	2e-12
*25/*43	2e-12	2e-12	2e-12	2e-12	2e-12	2e-12	2e-12	2e-12	2e-12	2e-12
*25/*44	2e-12	2e-12	2e-12	2e-12	2e-12	2e-12	2e-12	2e-12	2e-12	2e-12
*25/*45	2e-12	2e-12	2e-12	2e-12	2e-12	2e-12	2e-12	2e-12	2e-12	2e-12
*25/*46	2e-12	2e-12	2e-12	2e-12	2e-12	2e-12	2e-12	2e-12	2e-12	2e-12
*25/*47	2e-12	2e-12	2e-12	2e-12	2e-12	2e-12	2e-12	2e-12	2e-12	2e-12
*25/*5	0.0	0.0	9e-09	2e-09	4.08e-08	2e-12	1e-07	0.0	0.0	1.6866888888888887e-08
*25/*6	2e-12	2e-12	0.0	0.0	0.0	2e-12	2e-12	2e-12	2e-12	1.3333333333333332e-12
*25/*7	2e-12	2e-12	2e-12	2e-12	2e-12	2e-12	2e-12	2e-12	2e-12	2e-12
*25/*8	2e-12	2e-12	0.0	0.0	0.0	2e-12	2e-12	2e-12	2e-12	1.3333333333333332e-12
*25/*9	2e-12	2e-12	2e-12	2e-12	2e-12	2e-12	2e-12	2e-12	2e-12	2e-12
*26/*26	1e-12	1e-12	8.999999999999999e-08	1e-12	4e-08	1e-12	1e-12	1e-12	1e-12	1.4445222222222223e-08
*26/*27	2e-12	2e-12	5.999999999999999e-10	0.0	4e-10	2e-12	2e-12	2e-12	2e-12	1.1244444444444442e-10
*26/*28	2e-12	2e-12	5.999999999999999e-10	2e-12	4e-10	2e-12	2e-12	2e-12	2e-12	1.1266666666666664e-10
*26/*29	2e-12	2e-12	5.999999999999999e-10	2e-12	4e-10	2e-12	2e-12	2e-12	2e-12	1.1266666666666664e-10
*26/*3	2e-12	2e-12	5.999999999999999e-10	2e-12	4e-10	2e-12	2e-12	2e-12	2e-12	1.1266666666666664e-10
*26/*30	2e-12	2e-12	5.999999999999999e-10	2e-12	4e-10	2e-12	2e-12	2e-12	2e-12	1.1266666666666664e-10
*26/*31	2e-12	2e-12	5.999999999999999e-10	2e-12	4e-10	2e-12	2e-12	2e-12	2e-12	1.1266666666666664e-10
*26/*32	2e-12	2e-12	5.999999999999999e-10	2e-12	4e-10	2e-12	2e-12	2e-12	2e-12	1.1266666666666664e-10
*26/*33	2e-12	2e-12	5.999999999999999e-10	2e-12	4e-10	2e-12	2e-12	2e-12	2e-12	1.1266666666666664e-10
*26/*34	2e-12	2e-12	0.0	0.0	0.0	2e-12	2e-12	2e-12	2e-12	1.3333333333333332e-12
*26/*36	2e-12	2e-12	0.0	0.0	0.0	2e-12	2e-12	2e-12	2e-12	1.3333333333333332e-12
*26/*37	1.5199999999999998e-06	7.799999999999999e-07	0.00027612	1.2294e-06	0.00010108	2e-12	6.2e-07	1.32e-06	1.6015999999999998e-06	4.269677800000001e-05
*26/*38	2e-12	2e-12	5.999999999999999e-10	2e-12	4e-10	2e-12	2e-12	2e-12	2e-12	1.1266666666666664e-10
*26/*39	2e-12	2e-12	5.999999999999999e-10	2e-12	4e-10	2e-12	2e-12	2e-12	2e-12	1.1266666666666664e-10
*26/*4	2e-12	2e-12	5.999999999999999e-10	2e-12	4e-10	2e-12	2e-12	2e-12	2e-12	1.1266666666666664e-10
*26/*40	2e-12	2e-12	5.999999999999999e-10	2e-12	4e-10	2e-12	2e-12	2e-12	2e-12	1.1266666666666664e-10
*26/*41	2e-12	2e-12	0.0	0.0	4e-08	2e-12	2e-12	2e-12	2e-12	4.445777777777779e-09
*26/*42	2e-12	2e-12	5.999999999999999e-10	2e-12	4e-10	2e-12	2e-12	2e-12	2e-12	1.1266666666666664e-10
*26/*43	2e-12	2e-12	5.999999999999999e-10	2e-12	4e-10	2e-12	2e-12	2e-12	2e-12	1.1266666666666664e-10
*26/*44	2e-12	2e-12	5.999999999999999e-10	2e-12	4e-10	2e-12	2e-12	2e-12	2e-12	1.1266666666666664e-10
*26/*45	2e-12	2e-12	5.999999999999999e-10	2e-12	4e-10	2e-12	2e-12	2e-12	2e-12	1.1266666666666664e-10
*26/*46	2e-12	2e-12	5.999999999999999e-10	2e-12	4e-10	2e-12	2e-12	2e-12	2e-12	1.1266666666666664e-10
*26/*47	2e-12	2e-12	5.999999999999999e-10	2e-12	4e-10	2e-12	2e-12	2e-12	2e-12	1.1266666666666664e-10
*26/*5	0.0	0.0	2.6999999999999996e-06	2e-09	8.160000000000001e-06	2e-12	1e-07	0.0	0.0	1.2180002222222227e-06
*26/*6	2e-12	2e-12	0.0	0.0	0.0	2e-12	2e-12	2e-12	2e-12	1.3333333333333332e-12
*26/*7	2e-12	2e-12	5.999999999999999e-10	2e-12	4e-10	2e-12	2e-12	2e-12	2e-12	1.1266666666666664e-10
*26/*8	2e-12	2e-12	0.0	0.0	0.0	2e-12	2e-12	2e-12	2e-12	1.3333333333333332e-12
*26/*9	2e-12	2e-12	5.999999999999999e-10	2e-12	4e-10	2e-12	2e-12	2e-12	2e-12	1.1266666666666664e-10
*27/*27	1e-12	1e-12	1e-12	0.0	1e-12	1e-12	1e-12	1e-12	1e-12	8.888888888888889e-13
*27/*28	2e-12	2e-12	2e-12	0.0	2e-12	2e-12	2e-12	2e-12	2e-12	1.7777777777777778e-12
*27/*29	2e-12	2e-12	2e-12	0.0	2e-12	2e-12	2e-12	2e-12	2e-12	1.7777777777777778e-12
*27/*3	2e-12	2e-12	2e-12	0.0	2e-12	2e-12	2e-12	2e-12	2e-12	1.7777777777777778e-12
*27/*30	2e-12	2e-12	2e-12	0.0	2e-12	2e-12	2e-12	2e-12	2e-12	1.7777777777777778e-12
*27/*31	2e-12	2e-12	2e-12	0.0	2e-12	2e-12	2e-12	2e-12	2e-12	1.7777777777777778e-12
*27/*32	2e-12	2e-12	2e-12	0.0	2e-12	2e-12	2e-12	2e-12	2e-12	1.7777777777777778e-12
*27/*33	2e-12	2e-12	2e-12	0.0	2e-12	2e-12	2e-12	2e-12	2e-12	1.7777777777777778e-12
*27/*34	2e-12	2e-12	0.0	0.0	0.0	2e-12	2e-12	2e-12	2e-12	1.3333333333333332e-12
*27/*36	2e-12	2e-12	0.0	0.0	0.0	2e-12	2e-12	2e-12	2e-12	1.3333333333333332e-12
*27/*37	1.5199999999999998e-06	7.799999999999999e-07	9.203999999999999e-07	0.0	5.054e-07	2e-12	6.2e-07	1.32e-06	1.6015999999999998e-06	8.074891111111111e-07
*27/*38	2e-12	2e-12	2e-12	0.0	2e-12	2e-12	2e-12	2e-12	2e-12	1.7777777777777778e-12
*27/*39	2e-12	2e-12	2e-12	0.0	2e-12	2e-12	2e-12	2e-12	2e-12	1.7777777777777778e-12
*27/*4	2e-12	2e-12	2e-12	0.0	2e-12	2e-12	2e-12	2e-12	2e-12	1.7777777777777778e-12
*27/*40	2e-12	2e-12	2e-12	0.0	2e-12	2e-12	2e-12	2e-12	2e-12	1.7777777777777778e-12
*27/*41	2e-12	2e-12	0.0	0.0	2e-10	2e-12	2e-12	2e-12	2e-12	2.3555555555555554e-11
*27/*42	2e-12	2e-12	2e-12	0.0	2e-12	2e-12	2e-12	2e-12	2e-12	1.7777777777777778e-12
*27/*43	2e-12	2e-12	2e-12	0.0	2e-12	2e-12	2e-12	2e-12	2e-12	1.7777777777777778e-12
*27/*44	2e-12	2e-12	2e-12	0.0	2e-12	2e-12	2e-12	2e-12	2e-12	1.7777777777777778e-12
*27/*45	2e-12	2e-12	2e-12	0.0	2e-12	2e-12	2e-12	2e-12	2e-12	1.7777777777777778e-12
*27/*46	2e-12	2e-12	2e-12	0.0	2e-12	2e-12	2e-12	2e-12	2e-12	1.7777777777777778e-12
*27/*47	2e-12	2e-12	2e-12	0.0	2e-12	2e-12	2e-12	2e-12	2e-12	1.7777777777777778e-12
*27/*5	0.0	0.0	9e-09	0.0	4.08e-08	2e-12	1e-07	0.0	0.0	1.664466666666667e-08
*27/*6	2e-12	2e-12	0.0	0.0	0.0	2e-12	2e-12	2e-12	2e-12	1.3333333333333332e-12
*27/*7	2e-12	2e-12	2e-12	0.0	2e-12	2e-12	2e-12	2e-12	2e-12	1.7777777777777778e-12
*27/*8	2e-12	2e-12	0.0	0.0	0.0	2e-12	2e-12	2e-12	2e-12	1.3333333333333332e-12
*27/*9	2e-12	2e-12	2e-12	0.0	2e-12	2e-12	2e-12	2e-12	2e-12	1.7777777777777778e-12
*28/*28	1e-12	1e-12	1e-12	1e-12	1e-12	1e-12	1e-12	1e-12	1e-12	1e-12
*28/*29	2e-12	2e-12	2e-12	2e-12	2e-12	2e-12	2e-12	2e-12	2e-12	2e-12
*28/*3	2e-12	2e-12	2e-12	2e-12	2e-12	2e-12	2e-12	2e-12	2e-12	2e-12
*28/*30	2e-12	2e-12	2e-12	2e-12	2e-12	2e-12	2e-12	2e-12	2e-12	2e-12
*28/*31	2e-12	2e-12	2e-12	2e-12	2e-12	2e-12	2e-12	2e-12	2e-12	2e-12
*28/*32	2e-12	2e-12	2e-12	2e-12	2e-12	2e-12	2e-12	2e-12	2e-12	2e-12
*28/*33	2e-12	2e-12	2e-12	2e-12	2e-12	2e-12	2e-12	2e-12	2e-12	2e-12
*28/*34	2e-12	2e-12	0.0	0.0	0.0	2e-12	2e-12	2e-12	2e-12	1.3333333333333332e-12
*28/*36	2e-12	2e-12	0.0	0.0	0.0	2e-12	2e-12	2e-12	2e-12	1.3333333333333332e-12
*28/*37	1.5199999999999998e-06	7.799999999999999e-07	9.203999999999999e-07	1.2294e-06	5.054e-07	2e-12	6.2e-07	1.32e-06	1.6015999999999998e-06	9.440891111111109e-07
*28/*38	2e-12	2e-12	2e-12	2e-12	2e-12	2e-12	2e-12	2e-12	2e-12	2e-12
*28/*39	2e-12	2e-12	2e-12	2e-12	2e-12	2e-12	2e-12	2e-12	2e-12	2e-12
*28/*4	2e-12	2e-12	2e-12	2e-12	2e-12	2e-12	2e-12	2e-12	2e-12	2e-12
*28/*40	2e-12	2e-12	2e-12	2e-12	2e-12	2e-12	2e-12	2e-12	2e-12	2e-12
*28/*41	2e-12	2e-12	0.0	0.0	2e-10	2e-12	2e-12	2e-12	2e-12	2.3555555555555554e-11
*28/*42	2e-12	2e-12	2e-12	2e-12	2e-12	2e-12	2e-12	2e-12	2e-12	2e-12
*28/*43	2e-12	2e-12	2e-12	2e-12	2e-12	2e-12	2e-12	2e-12	2e-12	2e-12
*28/*44	2e-12	2e-12	2e-12	2e-12	2e-12	2e-12	2e-12	2e-12	2e-12	2e-12
*28/*45	2e-12	2e-12	2e-12	2e-12	2e-12	2e-12	2e-12	2e-12	2e-12	2e-12
*28/*46	2e-12	2e-12	2e-12	2e-12	2e-12	2e-12	2e-12	2e-12	2e-12	2e-12
*28/*47	2e-12	2e-12	2e-12	2e-12	2e-12	2e-12	2e-12	2e-12	2e-12	2e-12
*28/*5	0.0	0.0	9e-09	2e-09	4.08e-08	2e-12	1e-07	0.0	0.0	1.6866888888888887e-08
*28/*6	2e-12	2e-12	0.0	0.0	0.0	2e-12	2e-12	2e-12	2e-12	1.3333333333333332e-12
*28/*7	2e-12	2e-12	2e-12	2e-12	2e-12	2e-12	2e-12	2e-12	2e-12	2e-12
*28/*8	2e-12	2e-12	0.0	0.0	0.0	2e-12	2e-12	2e-12	2e-12	1.3333333333333332e-12
*28/*9	2e-12	2e-12	2e-12	2e-12	2e-12	2e-12	2e-12	2e-12	2e-12	2e-12
*29/*29	1e-12	1e-12	1e-12	1e-12	1e-12	1e-12	1e-12	1e-12	1e-12	1e-12
*29/*3	2e-12	2e-12	2e-12	2e-12	2e-12	2e-12	2e-12	2e-12	2e-12	2e-12
*29/*30	2e-12	2e-12	2e-12	2e-12	2e-12	2e-12	2e-12	2e-12	2e-12	2e-12
*29/*31	2e-12	2e-12	2e-12	2e-12	2e-12	2e-12	2e-12	2e-12	2e-12	2e-12
*29/*32	2e-12	2e-12	2e-12	2e-12	2e-12	2e-12	2e-12	2e-12	2e-12	2e-12
*29/*33	2e-12	2e-12	2e-12	2e-12	2e-12	2e-12	2e-12	2e-12	2e-12	2e-12
*29/*34	2e-12	2e-12	0.0	0.0	0.0	2e-12	2e-12	2e-12	2e-12	1.3333333333333332e-12
*29/*36	2e-12	2e-12	0.0	0.0	0.0	2e-12	2e-12	2e-12	2e-12	1.3333333333333332e-12
*29/*37	1.5199999999999998e-06	7.799999999999999e-07	9.203999999999999e-07	1.2294e-06	5.054e-07	2e-12	6.2e-07	1.32e-06	1.6015999999999998e-06	9.440891111111109e-07
*29/*38	2e-12	2e-12	2e-12	2e-12	2e-12	2e-12	2e-12	2e-12	2e-12	2e-12
*29/*39	2e-12	2e-12	2e-12	2e-12	2e-12	2e-12	2e-12	2e-12	2e-12	2e-12
*29/*4	2e-12	2e-12	2e-12	2e-12	2e-12	2e-12	2e-12	2e-12	2e-12	2e-12
*29/*40	2e-12	2e-12	2e-12	2e-12	2e-12	2e-12	2e-12	2e-12	2e-12	2e-12
*29/*41	2e-12	2e-12	0.0	0.0	2e-10	2e-12	2e-12	2e-12	2e-12	2.3555555555555554e-11
*29/*42	2e-12	2e-12	2e-12	2e-12	2e-12	2e-12	2e-12	2e-12	2e-12	2e-12
*29/*43	2e-12	2e-12	2e-12	2e-12	2e-12	2e-12	2e-12	2e-12	2e-12	2e-12
*29/*44	2e-12	2e-12	2e-12	2e-12	2e-12	2e-12	2e-12	2e-12	2e-12	2e-12
*29/*45	2e-12	2e-12	2e-12	2e-12	2e-12	2e-12	2e-12	2e-12	2e-12	2e-12
*29/*46	2e-12	2e-12	2e-12	2e-12	2e-12	2e-12	2e-12	2e-12	2e-12	2e-12
*29/*47	2e-12	2e-12	2e-12	2e-12	2e-12	2e-12	2e-12	2e-12	2e-12	2e-12
*29/*5	0.0	0.0	9e-09	2e-09	4.08e-08	2e-12	1e-07	0.0	0.0	1.6866888888888887e-08
*29/*6	2e-12	2e-12	0.0	0.0	0.0	2e-12	2e-12	2e-12	2e-12	1.3333333333333332e-12
*29/*7	2e-12	2e-12	2e-12	2e-12	2e-12	2e-12	2e-12	2e-12	2e-12	2e-12
*29/*8	2e-12	2e-12	0.0	0.0	0.0	2e-12	2e-12	2e-12	2e-12	1.3333333333333332e-12
*29/*9	2e-12	2e-12	2e-12	2e-12	2e-12	2e-12	2e-12	2e-12	2e-12	2e-12
*3/*3	1e-12	1e-12	1e-12	1e-12	1e-12	1e-12	1e-12	1e-12	1e-12	1e-12
*3/*30	2e-12	2e-12	2e-12	2e-12	2e-12	2e-12	2e-12	2e-12	2e-12	2e-12
*3/*31	2e-12	2e-12	2e-12	2e-12	2e-12	2e-12	2e-12	2e-12	2e-12	2e-12
*3/*32	2e-12	2e-12	2e-12	2e-12	2e-12	2e-12	2e-12	2e-12	2e-12	2e-12
*3/*33	2e-12	2e-12	2e-12	2e-12	2e-12	2e-12	2e-12	2e-12	2e-12	2e-12
*3/*34	2e-12	2e-12	0.0	0.0	0.0	2e-12	2e-12	2e-12	2e-12	1.3333333333333332e-12
*3/*36	2e-12	2e-12	0.0	0.0	0.0	2e-12	2e-12	2e-12	2e-12	1.3333333333333332e-12
*3/*37	1.5199999999999998e-06	7.799999999999999e-07	9.203999999999999e-07	1.2294e-06	5.054e-07	2e-12	6.2e-07	1.32e-06	1.6015999999999998e-06	9.440891111111109e-07
*3/*38	2e-12	2e-12	2e-12	2e-12	2e-12	2e-12	2e-12	2e-12	2e-12	2e-12
*3/*39	2e-12	2e-12	2e-12	2e-12	2e-12	2e-12	2e-12	2e-12	2e-12	2e-12
*3/*4	2e-12	2e-12	2e-12	2e-12	2e-12	2e-12	2e-12	2e-12	2e-12	2e-12
*3/*40	2e-12	2e-12	2e-12	2e-12	2e-12	2e-12	2e-12	2e-12	2e-12	2e-12
*3/*41	2e-12	2e-12	0.0	0.0	2e-10	2e-12	2e-12	2e-12	2e-12	2.3555555555555554e-11
*3/*42	2e-12	2e-12	2e-12	2e-12	2e-12	2e-12	2e-12	2e-12	2e-12	2e-12
*3/*43	2e-12	2e-12	2e-12	2e-12	2e-12	2e-12	2e-12	2e-12	2e-12	2e-12
*3/*44	2e-12	2e-12	2e-12	2e-12	2e-12	2e-12	2e-12	2e-12	2e-12	2e-12
*3/*45	2e-12	2e-12	2e-12	2e-12	2e-12	2e-12	2e-12	2e-12	2e-12	2e-12
*3/*46	2e-12	2e-12	2e-12	2e-12	2e-12	2e-12	2e-12	2e-12	2e-12	2e-12
*3/*47	2e-12	2e-12	2e-12	2e-12	2e-12	2e-12	2e-12	2e-12	2e-12	2e-12
*3/*5	0.0	0.0	9e-09	2e-09	4.08e-08	2e-12	1e-07	0.0	0.0	1.6866888888888887e-08
*3/*6	2e-12	2e-12	0.0	0.0	0.0	2e-12	2e-12	2e-12	2e-12	1.3333333333333332e-12
*3/*7	2e-12	2e-12	2e-12	2e-12	2e-12	2e-12	2e-12	2e-12	2e-12	2e-12
*3/*8	2e-12	2e-12	0.0	0.0	0.0	2e-12	2e-12	2e-12	2e-12	1.3333333333333332e-12
*3/*9	2e-12	2e-12	2e-12	2e-12	2e-12	2e-12	2e-12	2e-12	2e-12	2e-12
*30/*30	1e-12	1e-12	1e-12	1e-12	1e-12	1e-12	1e-12	1e-12	1e-12	1e-12
*30/*31	2e-12	2e-12	2e-12	2e-12	2e-12	2e-12	2e-12	2e-12	2e-12	2e-12
*30/*32	2e-12	2e-12	2e-12	2e-12	2e-12	2e-12	2e-12	2e-12	2e-12	2e-12
*30/*33	2e-12	2e-12	2e-12	2e-12	2e-12	2e-12	2e-12	2e-12	2e-12	2e-12
*30/*34	2e-12	2e-12	0.0	0.0	0.0	2e-12	2e-12	2e-12	2e-12	1.3333333333333332e-12
*30/*36	2e-12	2e-12	0.0	0.0	0.0	2e-12	2e-12	2e-12	2e-12	1.3333333333333332e-12
*30/*37	1.5199999999999998e-06	7.799999999999999e-07	9.203999999999999e-07	1.2294e-06	5.054e-07	2e-12	6.2e-07	1.32e-06	1.6015999999999998e-06	9.440891111111109e-07
*30/*38	2e-12	2e-12	2e-12	2e-12	2e-12	2e-12	2e-12	2e-12	2e-12	2e-12
*30/*39	2e-12	2e-12	2e-12	2e-12	2e-12	2e-12	2e-12	2e-12	2e-12	2e-12
*30/*4	2e-12	2e-12	2e-12	2e-12	2e-12	2e-12	2e-12	2e-12	2e-12	2e-12
*30/*40	2e-12	2e-12	2e-12	2e-12	2e-12	2e-12	2e-12	2e-12	2e-12	2e-12
*30/*41	2e-12	2e-12	0.0	0.0	2e-10	2e-12	2e-12	2e-12	2e-12	2.3555555555555554e-11
*30/*42	2e-12	2e-12	2e-12	2e-12	2e-12	2e-12	2e-12	2e-12	2e-12	2e-12
*30/*43	2e-12	2e-12	2e-12	2e-12	2e-12	2e-12	2e-12	2e-12	2e-12	2e-12
*30/*44	2e-12	2e-12	2e-12	2e-12	2e-12	2e-12	2e-12	2e-12	2e-12	2e-12
*30/*45	2e-12	2e-12	2e-12	2e-12	2e-12	2e-12	2e-12	2e-12	2e-12	2e-12
*30/*46	2e-12	2e-12	2e-12	2e-12	2e-12	2e-12	2e-12	2e-12	2e-12	2e-12
*30/*47	2e-12	2e-12	2e-12	2e-12	2e-12	2e-12	2e-12	2e-12	2e-12	2e-12
*30/*5	0.0	0.0	9e-09	2e-09	4.08e-08	2e-12	1e-07	0.0	0.0	1.6866888888888887e-08
*30/*6	2e-12	2e-12	0.0	0.0	0.0	2e-12	2e-12	2e-12	2e-12	1.3333333333333332e-12
*30/*7	2e-12	2e-12	2e-12	2e-12	2e-12	2e-12	2e-12	2e-12	2e-12	2e-12
*30/*8	2e-12	2e-12	0.0	0.0	0.0	2e-12	2e-12	2e-12	2e-12	1.3333333333333332e-12
*30/*9	2e-12	2e-12	2e-12	2e-12	2e-12	2e-12	2e-12	2e-12	2e-12	2e-12
*31/*31	1e-12	1e-12	1e-12	1e-12	1e-12	1e-12	1e-12	1e-12	1e-12	1e-12
*31/*32	2e-12	2e-12	2e-12	2e-12	2e-12	2e-12	2e-12	2e-12	2e-12	2e-12
*31/*33	2e-12	2e-12	2e-12	2e-12	2e-12	2e-12	2e-12	2e-12	2e-12	2e-12
*31/*34	2e-12	2e-12	0.0	0.0	0.0	2e-12	2e-12	2e-12	2e-12	1.3333333333333332e-12
*31/*36	2e-12	2e-12	0.0	0.0	0.0	2e-12	2e-12	2e-12	2e-12	1.3333333333333332e-12
*31/*37	1.5199999999999998e-06	7.799999999999999e-07	9.203999999999999e-07	1.2294e-06	5.054e-07	2e-12	6.2e-07	1.32e-06	1.6015999999999998e-06	9.440891111111109e-07
*31/*38	2e-12	2e-12	2e-12	2e-12	2e-12	2e-12	2e-12	2e-12	2e-12	2e-12
*31/*39	2e-12	2e-12	2e-12	2e-12	2e-12	2e-12	2e-12	2e-12	2e-12	2e-12
*31/*4	2e-12	2e-12	2e-12	2e-12	2e-12	2e-12	2e-12	2e-12	2e-12	2e-12
*31/*40	2e-12	2e-12	2e-12	2e-12	2e-12	2e-12	2e-12	2e-12	2e-12	2e-12
*31/*41	2e-12	2e-12	0.0	0.0	2e-10	2e-12	2e-12	2e-12	2e-12	2.3555555555555554e-11
*31/*42	2e-12	2e-12	2e-12	2e-12	2e-12	2e-12	2e-12	2e-12	2e-12	2e-12
*31/*43	2e-12	2e-12	2e-12	2e-12	2e-12	2e-12	2e-12	2e-12	2e-12	2e-12
*31/*44	2e-12	2e-12	2e-12	2e-12	2e-12	2e-12	2e-12	2e-12	2e-12	2e-12
*31/*45	2e-12	2e-12	2e-12	2e-12	2e-12	2e-12	2e-12	2e-12	2e-12	2e-12
*31/*46	2e-12	2e-12	2e-12	2e-12	2e-12	2e-12	2e-12	2e-12	2e-12	2e-12
*31/*47	2e-12	2e-12	2e-12	2e-12	2e-12	2e-12	2e-12	2e-12	2e-12	2e-12
*31/*5	0.0	0.0	9e-09	2e-09	4.08e-08	2e-12	1e-07	0.0	0.0	1.6866888888888887e-08
*31/*6	2e-12	2e-12	0.0	0.0	0.0	2e-12	2e-12	2e-12	2e-12	1.3333333333333332e-12
*31/*7	2e-12	2e-12	2e-12	2e-12	2e-12	2e-12	2e-12	2e-12	2e-12	2e-12
*31/*8	2e-12	2e-12	0.0	0.0	0.0	2e-12	2e-12	2e-12	2e-12	1.3333333333333332e-12
*31/*9	2e-12	2e-12	2e-12	2e-12	2e-12	2e-12	2e-12	2e-12	2e-12	2e-12
*32/*32	1e-12	1e-12	1e-12	1e-12	1e-12	1e-12	1e-12	1e-12	1e-12	1e-12
*32/*33	2e-12	2e-12	2e-12	2e-12	2e-12	2e-12	2e-12	2e-12	2e-12	2e-12
*32/*34	2e-12	2e-12	0.0	0.0	0.0	2e-12	2e-12	2e-12	2e-12	1.3333333333333332e-12
*32/*36	2e-12	2e-12	0.0	0.0	0.0	2e-12	2e-12	2e-12	2e-12	1.3333333333333332e-12
*32/*37	1.5199999999999998e-06	7.799999999999999e-07	9.203999999999999e-07	1.2294e-06	5.054e-07	2e-12	6.2e-07	1.32e-06	1.6015999999999998e-06	9.440891111111109e-07
*32/*38	2e-12	2e-12	2e-12	2e-12	2e-12	2e-12	2e-12	2e-12	2e-12	2e-12
*32/*39	2e-12	2e-12	2e-12	2e-12	2e-12	2e-12	2e-12	2e-12	2e-12	2e-12
*32/*4	2e-12	2e-12	2e-12	2e-12	2e-12	2e-12	2e-12	2e-12	2e-12	2e-12
*32/*40	2e-12	2e-12	2e-12	2e-12	2e-12	2e-12	2e-12	2e-12	2e-12	2e-12
*32/*41	2e-12	2e-12	0.0	0.0	2e-10	2e-12	2e-12	2e-12	2e-12	2.3555555555555554e-11
*32/*42	2e-12	2e-12	2e-12	2e-12	2e-12	2e-12	2e-12	2e-12	2e-12	2e-12
*32/*43	2e-12	2e-12	2e-12	2e-12	2e-12	2e-12	2e-12	2e-12	2e-12	2e-12
*32/*44	2e-12	2e-12	2e-12	2e-12	2e-12	2e-12	2e-12	2e-12	2e-12	2e-12
*32/*45	2e-12	2e-12	2e-12	2e-12	2e-12	2e-12	2e-12	2e-12	2e-12	2e-12
*32/*46	2e-12	2e-12	2e-12	2e-12	2e-12	2e-12	2e-12	2e-12	2e-12	2e-12
*32/*47	2e-12	2e-12	2e-12	2e-12	2e-12	2e-12	2e-12	2e-12	2e-12	2e-12
*32/*5	0.0	0.0	9e-09	2e-09	4.08e-08	2e-12	1e-07	0.0	0.0	1.6866888888888887e-08
*32/*6	2e-12	2e-12	0.0	0.0	0.0	2e-12	2e-12	2e-12	2e-12	1.3333333333333332e-12
*32/*7	2e-12	2e-12	2e-12	2e-12	2e-12	2e-12	2e-12	2e-12	2e-12	2e-12
*32/*8	2e-12	2e-12	0.0	0.0	0.0	2e-12	2e-12	2e-12	2e-12	1.3333333333333332e-12
*32/*9	2e-12	2e-12	2e-12	2e-12	2e-12	2e-12	2e-12	2e-12	2e-12	2e-12
*33/*33	1e-12	1e-12	1e-12	1e-12	1e-12	1e-12	1e-12	1e-12	1e-12	1e-12
*33/*34	2e-12	2e-12	0.0	0.0	0.0	2e-12	2e-12	2e-12	2e-12	1.3333333333333332e-12
*33/*36	2e-12	2e-12	0.0	0.0	0.0	2e-12	2e-12	2e-12	2e-12	1.3333333333333332e-12
*33/*37	1.5199999999999998e-06	7.799999999999999e-07	9.203999999999999e-07	1.2294e-06	5.054e-07	2e-12	6.2e-07	1.32e-06	1.6015999999999998e-06	9.440891111111109e-07
*33/*38	2e-12	2e-12	2e-12	2e-12	2e-12	2e-12	2e-12	2e-12	2e-12	2e-12
*33/*39	2e-12	2e-12	2e-12	2e-12	2e-12	2e-12	2e-12	2e-12	2e-12	2e-12
*33/*4	2e-12	2e-12	2e-12	2e-12	2e-12	2e-12	2e-12	2e-12	2e-12	2e-12
*33/*40	2e-12	2e-12	2e-12	2e-12	2e-12	2e-12	2e-12	2e-12	2e-12	2e-12
*33/*41	2e-12	2e-12	0.0	0.0	2e-10	2e-12	2e-12	2e-12	2e-12	2.3555555555555554e-11
*33/*42	2e-12	2e-12	2e-12	2e-12	2e-12	2e-12	2e-12	2e-12	2e-12	2e-12
*33/*43	2e-12	2e-12	2e-12	2e-12	2e-12	2e-12	2e-12	2e-12	2e-12	2e-12
*33/*44	2e-12	2e-12	2e-12	2e-12	2e-12	2e-12	2e-12	2e-12	2e-12	2e-12
*33/*45	2e-12	2e-12	2e-12	2e-12	2e-12	2e-12	2e-12	2e-12	2e-12	2e-12
*33/*46	2e-12	2e-12	2e-12	2e-12	2e-12	2e-12	2e-12	2e-12	2e-12	2e-12
*33/*47	2e-12	2e-12	2e-12	2e-12	2e-12	2e-12	2e-12	2e-12	2e-12	2e-12
*33/*5	0.0	0.0	9e-09	2e-09	4.08e-08	2e-12	1e-07	0.0	0.0	1.6866888888888887e-08
*33/*6	2e-12	2e-12	0.0	0.0	0.0	2e-12	2e-12	2e-12	2e-12	1.3333333333333332e-12
*33/*7	2e-12	2e-12	2e-12	2e-12	2e-12	2e-12	2e-12	2e-12	2e-12	2e-12
*33/*8	2e-12	2e-12	0.0	0.0	0.0	2e-12	2e-12	2e-12	2e-12	1.3333333333333332e-12
*33/*9	2e-12	2e-12	2e-12	2e-12	2e-12	2e-12	2e-12	2e-12	2e-12	2e-12
*34/*34	1e-12	1e-12	0.0	0.0	0.0	1e-12	1e-12	1e-12	1e-12	6.666666666666666e-13
*34/*36	2e-12	2e-12	0.0	0.0	0.0	2e-12	2e-12	2e-12	2e-12	1.3333333333333332e-12
*34/*37	1.5199999999999998e-06	7.799999999999999e-07	0.0	0.0	0.0	2e-12	6.2e-07	1.32e-06	1.6015999999999998e-06	6.49066888888889e-07
*34/*38	2e-12	2e-12	0.0	0.0	0.0	2e-12	2e-12	2e-12	2e-12	1.3333333333333332e-12
*34/*39	2e-12	2e-12	0.0	0.0	0.0	2e-12	2e-12	2e-12	2e-12	1.3333333333333332e-12
*34/*4	2e-12	2e-12	0.0	0.0	0.0	2e-12	2e-12	2e-12	2e-12	1.3333333333333332e-12
*34/*40	2e-12	2e-12	0.0	0.0	0.0	2e-12	2e-12	2e-12	2e-12	1.3333333333333332e-12
*34/*41	2e-12	2e-12	0.0	0.0	0.0	2e-12	2e-12	2e-12	2e-12	1.3333333333333332e-12
*34/*42	2e-12	2e-12	0.0	0.0	0.0	2e-12	2e-12	2e-12	2e-12	1.3333333333333332e-12
*34/*43	2e-12	2e-12	0.0	0.0	0.0	2e-12	2e-12	2e-12	2e-12	1.3333333333333332e-12
*34/*44	2e-12	2e-12	0.0	0.0	0.0	2e-12	2e-12	2e-12	2e-12	1.3333333333333332e-12
*34/*45	2e-12	2e-12	0.0	0.0	0.0	2e-12	2e-12	2e-12	2e-12	1.3333333333333332e-12
*34/*46	2e-12	2e-12	0.0	0.0	0.0	2e-12	2e-12	2e-12	2e-12	1.3333333333333332e-12
*34/*47	2e-12	2e-12	0.0	0.0	0.0	2e-12	2e-12	2e-12	2e-12	1.3333333333333332e-12
*34/*5	0.0	0.0	0.0	0.0	0.0	2e-12	1e-07	0.0	0.0	1.1111333333333334e-08
*34/*6	2e-12	2e-12	0.0	0.0	0.0	2e-12	2e-12	2e-12	2e-12	1.3333333333333332e-12
*34/*7	2e-12	2e-12	0.0	0.0	0.0	2e-12	2e-12	2e-12	2e-12	1.3333333333333332e-12
*34/*8	2e-12	2e-12	0.0	0.0	0.0	2e-12	2e-12	2e-12	2e-12	1.3333333333333332e-12
*34/*9	2e-12	2e-12	0.0	0.0	0.0	2e-12	2e-12	2e-12	2e-12	1.3333333333333332e-12
*36/*36	1e-12	1e-12	0.0	0.0	0.0	1e-12	1e-12	1e-12	1e-12	6.666666666666666e-13
*36/*37	1.5199999999999998e-06	7.799999999999999e-07	0.0	0.0	0.0	2e-12	6.2e-07	1.32e-06	1.6015999999999998e-06	6.49066888888889e-07
*36/*38	2e-12	2e-12	0.0	0.0	0.0	2e-12	2e-12	2e-12	2e-12	1.3333333333333332e-12
*36/*39	2e-12	2e-12	0.0	0.0	0.0	2e-12	2e-12	2e-12	2e-12	1.3333333333333332e-12
*36/*4	2e-12	2e-12	0.0	0.0	0.0	2e-12	2e-12	2e-12	2e-12	1.3333333333333332e-12
*36/*40	2e-12	2e-12	0.0	0.0	0.0	2e-12	2e-12	2e-12	2e-12	1.3333333333333332e-12
*36/*41	2e-12	2e-12	0.0	0.0	0.0	2e-12	2e-12	2e-12	2e-12	1.3333333333333332e-12
*36/*42	2e-12	2e-12	0.0	0.0	0.0	2e-12	2e-12	2e-12	2e-12	1.3333333333333332e-12
*36/*43	2e-12	2e-12	0.0	0.0	0.0	2e-12	2e-12	2e-12	2e-12	1.3333333333333332e-12
*36/*44	2e-12	2e-12	0.0	0.0	0.0	2e-12	2e-12	2e-12	2e-12	1.3333333333333332e-12
*36/*45	2e-12	2e-12	0.0	0.0	0.0	2e-12	2e-12	2e-12	2e-12	1.3333333333333332e-12
*36/*46	2e-12	2e-12	0.0	0.0	0.0	2e-12	2e-12	2e-12	2e-12	1.3333333333333332e-12
*36/*47	2e-12	2e-12	0.0	0.0	0.0	2e-12	2e-12	2e-12	2e-12	1.3333333333333332e-12
*36/*5	0.0	0.0	0.0	0.0	0.0	2e-12	1e-07	0.0	0.0	1.1111333333333334e-08
*36/*6	2e-12	2e-12	0.0	0.0	0.0	2e-12	2e-12	2e-12	2e-12	1.3333333333333332e-12
*36/*7	2e-12	2e-12	0.0	0.0	0.0	2e-12	2e-12	2e-12	2e-12	1.3333333333333332e-12
*36/*8	2e-12	2e-12	0.0	0.0	0.0	2e-12	2e-12	2e-12	2e-12	1.3333333333333332e-12
*36/*9	2e-12	2e-12	0.0	0.0	0.0	2e-12	2e-12	2e-12	2e-12	1.3333333333333332e-12
*37/*37	0.5776	0.1521	0.21178404	0.37785609000000003	0.06385728999999998	1e-12	0.0961	0.43560000000000004	0.64128064	0.28401978444455556
*37/*38	1.5199999999999998e-06	7.799999999999999e-07	9.203999999999999e-07	1.2294e-06	5.054e-07	2e-12	6.2e-07	1.32e-06	1.6015999999999998e-06	9.440891111111109e-07
*37/*39	1.5199999999999998e-06	7.799999999999999e-07	9.203999999999999e-07	1.2294e-06	5.054e-07	2e-12	6.2e-07	1.32e-06	1.6015999999999998e-06	9.440891111111109e-07
*37/*4	1.5199999999999998e-06	7.799999999999999e-07	9.203999999999999e-07	1.2294e-06	5.054e-07	2e-12	6.2e-07	1.32e-06	1.6015999999999998e-06	9.440891111111109e-07
*37/*40	1.5199999999999998e-06	7.799999999999999e-07	9.203999999999999e-07	1.2294e-06	5.054e-07	2e-12	6.2e-07	1.32e-06	1.6015999999999998e-06	9.440891111111109e-07
*37/*41	1.5199999999999998e-06	7.799999999999999e-07	0.0	0.0	5.054e-05	2e-12	6.2e-07	1.32e-06	1.6015999999999998e-06	6.264622444444445e-06
*37/*42	1.5199999999999998e-06	7.799999999999999e-07	9.203999999999999e-07	1.2294e-06	5.054e-07	2e-12	6.2e-07	1.32e-06	1.6015999999999998e-06	9.440891111111109e-07
*37/*43	1.5199999999999998e-06	7.799999999999999e-07	9.203999999999999e-07	1.2294e-06	5.054e-07	2e-12	6.2e-07	1.32e-06	1.6015999999999998e-06	9.440891111111109e-07
*37/*44	1.5199999999999998e-06	7.799999999999999e-07	9.203999999999999e-07	1.2294e-06	5.054e-07	2e-12	6.2e-07	1.32e-06	1.6015999999999998e-06	9.440891111111109e-07
*37/*45	1.5199999999999998e-06	7.799999999999999e-07	9.203999999999999e-07	1.2294e-06	5.054e-07	2e-12	6.2e-07	1.32e-06	1.6015999999999998e-06	9.440891111111109e-07
*37/*46	1.5199999999999998e-06	7.799999999999999e-07	9.203999999999999e-07	1.2294e-06	5.054e-07	2e-12	6.2e-07	1.32e-06	1.6015999999999998e-06	9.440891111111109e-07
*37/*47	1.5199999999999998e-06	7.799999999999999e-07	9.203999999999999e-07	1.2294e-06	5.054e-07	2e-12	6.2e-07	1.32e-06	1.6015999999999998e-06	9.440891111111109e-07
*37/*5	0.0	0.0	0.004141799999999999	0.0012294	0.01031016	2e-12	0.031	0.0	0.0	0.005186817778
*37/*6	1.5199999999999998e-06	7.799999999999999e-07	0.0	0.0	0.0	2e-12	6.2e-07	1.32e-06	1.6015999999999998e-06	6.49066888888889e-07
*37/*7	1.5199999999999998e-06	7.799999999999999e-07	9.203999999999999e-07	1.2294e-06	5.054e-07	2e-12	6.2e-07	1.32e-06	1.6015999999999998e-06	9.440891111111109e-07
*37/*8	1.5199999999999998e-06	7.799999999999999e-07	0.0	0.0	0.0	2e-12	6.2e-07	1.32e-06	1.6015999999999998e-06	6.49066888888889e-07
*37/*9	1.5199999999999998e-06	7.799999999999999e-07	9.203999999999999e-07	1.2294e-06	5.054e-07	2e-12	6.2e-07	1.32e-06	1.6015999999999998e-06	9.440891111111109e-07
*38/*38	1e-12	1e-12	1e-12	1e-12	1e-12	1e-12	1e-12	1e-12	1e-12	1e-12
*38/*39	2e-12	2e-12	2e-12	2e-12	2e-12	2e-12	2e-12	2e-12	2e-12	2e-12
*38/*4	2e-12	2e-12	2e-12	2e-12	2e-12	2e-12	2e-12	2e-12	2e-12	2e-12
*38/*40	2e-12	2e-12	2e-12	2e-12	2e-12	2e-12	2e-12	2e-12	2e-12	2e-12
*38/*41	2e-12	2e-12	0.0	0.0	2e-10	2e-12	2e-12	2e-12	2e-12	2.3555555555555554e-11
*38/*42	2e-12	2e-12	2e-12	2e-12	2e-12	2e-12	2e-12	2e-12	2e-12	2e-12
*38/*43	2e-12	2e-12	2e-12	2e-12	2e-12	2e-12	2e-12	2e-12	2e-12	2e-12
*38/*44	2e-12	2e-12	2e-12	2e-12	2e-12	2e-12	2e-12	2e-12	2e-12	2e-12
*38/*45	2e-12	2e-12	2e-12	2e-12	2e-12	2e-12	2e-12	2e-12	2e-12	2e-12
*38/*46	2e-12	2e-12	2e-12	2e-12	2e-12	2e-12	2e-12	2e-12	2e-12	2e-12
*38/*47	2e-12	2e-12	2e-12	2e-12	2e-12	2e-12	2e-12	2e-12	2e-12	2e-12
*38/*5	0.0	0.0	9e-09	2e-09	4.08e-08	2e-12	1e-07	0.0	0.0	1.6866888888888887e-08
*38/*6	2e-12	2e-12	0.0	0.0	0.0	2e-12	2e-12	2e-12	2e-12	1.3333333333333332e-12
*38/*7	2e-12	2e-12	2e-12	2e-12	2e-12	2e-12	2e-12	2e-12	2e-12	2e-12
*38/*8	2e-12	2e-12	0.0	0.0	0.0	2e-12	2e-12	2e-12	2e-12	1.3333333333333332e-12
*38/*9	2e-12	2e-12	2e-12	2e-12	2e-12	2e-12	2e-12	2e-12	2e-12	2e-12
*39/*39	1e-12	1e-12	1e-12	1e-12	1e-12	1e-12	1e-12	1e-12	1e-12	1e-12
*39/*4	2e-12	2e-12	2e-12	2e-12	2e-12	2e-12	2e-12	2e-12	2e-12	2e-12
*39/*40	2e-12	2e-12	2e-12	2e-12	2e-12	2e-12	2e-12	2e-12	2e-12	2e-12
*39/*41	2e-12	2e-12	0.0	0.0	2e-10	2e-12	2e-12	2e-12	2e-12	2.3555555555555554e-11
*39/*42	2e-12	2e-12	2e-12	2e-12	2e-12	2e-12	2e-12	2e-12	2e-12	2e-12
*39/*43	2e-12	2e-12	2e-12	2e-12	2e-12	2e-12	2e-12	2e-12	2e-12	2e-12
*39/*44	2e-12	2e-12	2e-12	2e-12	2e-12	2e-12	2e-12	2e-12	2e-12	2e-12
*39/*45	2e-12	2e-12	2e-12	2e-12	2e-12	2e-12	2e-12	2e-12	2e-12	2e-12
*39/*46	2e-12	2e-12	2e-12	2e-12	2e-12	2e-12	2e-12	2e-12	2e-12	2e-12
*39/*47	2e-12	2e-12	2e-12	2e-12	2e-12	2e-12	2e-12	2e-12	2e-12	2e-12
*39/*5	0.0	0.0	9e-09	2e-09	4.08e-08	2e-12	1e-07	0.0	0.0	1.6866888888888887e-08
*39/*6	2e-12	2e-12	0.0	0.0	0.0	2e-12	2e-12	2e-12	2e-12	1.3333333333333332e-12
*39/*7	2e-12	2e-12	2e-12	2e-12	2e-12	2e-12	2e-12	2e-12	2e-12	2e-12
*39/*8	2e-12	2e-12	0.0	0.0	0.0	2e-12	2e-12	2e-12	2e-12	1.3333333333333332e-12
*39/*9	2e-12	2e-12	2e-12	2e-12	2e-12	2e-12	2e-12	2e-12	2e-12	2e-12
*4/*4	1e-12	1e-12	1e-12	1e-12	1e-12	1e-12	1e-12	1e-12	1e-12	1e-12
*4/*40	2e-12	2e-12	2e-12	2e-12	2e-12	2e-12	2e-12	2e-12	2e-12	2e-12
*4/*41	2e-12	2e-12	0.0	0.0	2e-10	2e-12	2e-12	2e-12	2e-12	2.3555555555555554e-11
*4/*42	2e-12	2e-12	2e-12	2e-12	2e-12	2e-12	2e-12	2e-12	2e-12	2e-12
*4/*43	2e-12	2e-12	2e-12	2e-12	2e-12	2e-12	2e-12	2e-12	2e-12	2e-12
*4/*44	2e-12	2e-12	2e-12	2e-12	2e-12	2e-12	2e-12	2e-12	2e-12	2e-12
*4/*45	2e-12	2e-12	2e-12	2e-12	2e-12	2e-12	2e-12	2e-12	2e-12	2e-12
*4/*46	2e-12	2e-12	2e-12	2e-12	2e-12	2e-12	2e-12	2e-12	2e-12	2e-12
*4/*47	2e-12	2e-12	2e-12	2e-12	2e-12	2e-12	2e-12	2e-12	2e-12	2e-12
*4/*5	0.0	0.0	9e-09	2e-09	4.08e-08	2e-12	1e-07	0.0	0.0	1.6866888888888887e-08
*4/*6	2e-12	2e-12	0.0	0.0	0.0	2e-12	2e-12	2e-12	2e-12	1.3333333333333332e-12
*4/*7	2e-12	2e-12	2e-12	2e-12	2e-12	2e-12	2e-12	2e-12	2e-12	2e-12
*4/*8	2e-12	2e-12	0.0	0.0	0.0	2e-12	2e-12	2e-12	2e-12	1.3333333333333332e-12
*4/*9	2e-12	2e-12	2e-12	2e-12	2e-12	2e-12	2e-12	2e-12	2e-12	2e-12
*40/*40	1e-12	1e-12	1e-12	1e-12	1e-12	1e-12	1e-12	1e-12	1e-12	1e-12
*40/*41	2e-12	2e-12	0.0	0.0	2e-10	2e-12	2e-12	2e-12	2e-12	2.3555555555555554e-11
*40/*42	2e-12	2e-12	2e-12	2e-12	2e-12	2e-12	2e-12	2e-12	2e-12	2e-12
*40/*43	2e-12	2e-12	2e-12	2e-12	2e-12	2e-12	2e-12	2e-12	2e-12	2e-12
*40/*44	2e-12	2e-12	2e-12	2e-12	2e-12	2e-12	2e-12	2e-12	2e-12	2e-12
*40/*45	2e-12	2e-12	2e-12	2e-12	2e-12	2e-12	2e-12	2e-12	2e-12	2e-12
*40/*46	2e-12	2e-12	2e-12	2e-12	2e-12	2e-12	2e-12	2e-12	2e-12	2e-12
*40/*47	2e-12	2e-12	2e-12	2e-12	2e-12	2e-12	2e-12	2e-12	2e-12	2e-12
*40/*5	0.0	0.0	9e-09	2e-09	4.08e-08	2e-12	1e-07	0.0	0.0	1.6866888888888887e-08
*40/*6	2e-12	2e-12	0.0	0.0	0.0	2e-12	2e-12	2e-12	2e-12	1.3333333333333332e-12
*40/*7	2e-12	2e-12	2e-12	2e-12	2e-12	2e-12	2e-12	2e-12	2e-12	2e-12
*40/*8	2e-12	2e-12	0.0	0.0	0.0	2e-12	2e-12	2e-12	2e-12	1.3333333333333332e-12
*40/*9	2e-12	2e-12	2e-12	2e-12	2e-12	2e-12	2e-12	2e-12	2e-12	2e-12
*41/*41	1e-12	1e-12	0.0	0.0	1e-08	1e-12	1e-12	1e-12	1e-12	1.1117777777777777e-09
*41/*42	2e-12	2e-12	0.0	0.0	2e-10	2e-12	2e-12	2e-12	2e-12	2.3555555555555554e-11
*41/*43	2e-12	2e-12	0.0	0.0	2e-10	2e-12	2e-12	2e-12	2e-12	2.3555555555555554e-11
*41/*44	2e-12	2e-12	0.0	0.0	2e-10	2e-12	2e-12	2e-12	2e-12	2.3555555555555554e-11
*41/*45	2e-12	2e-12	0.0	0.0	2e-10	2e-12	2e-12	2e-12	2e-12	2.3555555555555554e-11
*41/*46	2e-12	2e-12	0.0	0.0	2e-10	2e-12	2e-12	2e-12	2e-12	2.3555555555555554e-11
*41/*47	2e-12	2e-12	0.0	0.0	2e-10	2e-12	2e-12	2e-12	2e-12	2.3555555555555554e-11
*41/*5	0.0	0.0	0.0	0.0	4.080000000000001e-06	2e-12	1e-07	0.0	0.0	4.644446666666667e-07
*41/*6	2e-12	2e-12	0.0	0.0	0.0	2e-12	2e-12	2e-12	2e-12	1.3333333333333332e-12
*41/*7	2e-12	2e-12	0.0	0.0	2e-10	2e-12	2e-12	2e-12	2e-12	2.3555555555555554e-11
*41/*8	2e-12	2e-12	0.0	0.0	0.0	2e-12	2e-12	2e-12	2e-12	1.3333333333333332e-12
*41/*9	2e-12	2e-12	0.0	0.0	2e-10	2e-12	2e-12	2e-12	2e-12	2.3555555555555554e-11
*42/*42	1e-12	1e-12	1e-12	1e-12	1e-12	1e-12	1e-12	1e-12	1e-12	1e-12
*42/*43	2e-12	2e-12	2e-12	2e-12	2e-12	2e-12	2e-12	2e-12	2e-12	2e-12
*42/*44	2e-12	2e-12	2e-12	2e-12	2e-12	2e-12	2e-12	2e-12	2e-12	2e-12
*42/*45	2e-12	2e-12	2e-12	2e-12	2e-12	2e-12	2e-12	2e-12	2e-12	2e-12
*42/*46	2e-12	2e-12	2e-12	2e-12	2e-12	2e-12	2e-12	2e-12	2e-12	2e-12
*42/*47	2e-12	2e-12	2e-12	2e-12	2e-12	2e-12	2e-12	2e-12	2e-12	2e-12
*42/*5	0.0	0.0	9e-09	2e-09	4.08e-08	2e-12	1e-07	0.0	0.0	1.6866888888888887e-08
*42/*6	2e-12	2e-12	0.0	0.0	0.0	2e-12	2e-12	2e-12	2e-12	1.3333333333333332e-12
*42/*7	2e-12	2e-12	2e-12	2e-12	2e-12	2e-12	2e-12	2e-12	2e-12	2e-12
*42/*8	2e-12	2e-12	0.0	0.0	0.0	2e-12	2e-12	2e-12	2e-12	1.3333333333333332e-12
*42/*9	2e-12	2e-12	2e-12	2e-12	2e-12	2e-12	2e-12	2e-12	2e-12	2e-12
*43/*43	1e-12	1e-12	1e-12	1e-12	1e-12	1e-12	1e-12	1e-12	1e-12	1e-12
*43/*44	2e-12	2e-12	2e-12	2e-12	2e-12	2e-12	2e-12	2e-12	2e-12	2e-12
*43/*45	2e-12	2e-12	2e-12	2e-12	2e-12	2e-12	2e-12	2e-12	2e-12	2e-12
*43/*46	2e-12	2e-12	2e-12	2e-12	2e-12	2e-12	2e-12	2e-12	2e-12	2e-12
*43/*47	2e-12	2e-12	2e-12	2e-12	2e-12	2e-12	2e-12	2e-12	2e-12	2e-12
*43/*5	0.0	0.0	9e-09	2e-09	4.08e-08	2e-12	1e-07	0.0	0.0	1.6866888888888887e-08
*43/*6	2e-12	2e-12	0.0	0.0	0.0	2e-12	2e-12	2e-12	2e-12	1.3333333333333332e-12
*43/*7	2e-12	2e-12	2e-12	2e-12	2e-12	2e-12	2e-12	2e-12	2e-12	2e-12
*43/*8	2e-12	2e-12	0.0	0.0	0.0	2e-12	2e-12	2e-12	2e-12	1.3333333333333332e-12
*43/*9	2e-12	2e-12	2e-12	2e-12	2e-12	2e-12	2e-12	2e-12	2e-12	2e-12
*44/*44	1e-12	1e-12	1e-12	1e-12	1e-12	1e-12	1e-12	1e-12	1e-12	1e-12
*44/*45	2e-12	2e-12	2e-12	2e-12	2e-12	2e-12	2e-12	2e-12	2e-12	2e-12
*44/*46	2e-12	2e-12	2e-12	2e-12	2e-12	2e-12	2e-12	2e-12	2e-12	2e-12
*44/*47	2e-12	2e-12	2e-12	2e-12	2e-12	2e-12	2e-12	2e-12	2e-12	2e-12
*44/*5	0.0	0.0	9e-09	2e-09	4.08e-08	2e-12	1e-07	0.0	0.0	1.6866888888888887e-08
*44/*6	2e-12	2e-12	0.0	0.0	0.0	2e-12	2e-12	2e-12	2e-12	1.3333333333333332e-12
*44/*7	2e-12	2e-12	2e-12	2e-12	2e-12	2e-12	2e-12	2e-12	2e-12	2e-12
*44/*8	2e-12	2e-12	0.0	0.0	0.0	2e-12	2e-12	2e-12	2e-12	1.3333333333333332e-12
*44/*9	2e-12	2e-12	2e-12	2e-12	2e-12	2e-12	2e-12	2e-12	2e-12	2e-12
*45/*45	1e-12	1e-12	1e-12	1e-12	1e-12	1e-12	1e-12	1e-12	1e-12	1e-12
*45/*46	2e-12	2e-12	2e-12	2e-12	2e-12	2e-12	2e-12	2e-12	2e-12	2e-12
*45/*47	2e-12	2e-12	2e-12	2e-12	2e-12	2e-12	2e-12	2e-12	2e-12	2e-12
*45/*5	0.0	0.0	9e-09	2e-09	4.08e-08	2e-12	1e-07	0.0	0.0	1.6866888888888887e-08
*45/*6	2e-12	2e-12	0.0	0.0	0.0	2e-12	2e-12	2e-12	2e-12	1.3333333333333332e-12
*45/*7	2e-12	2e-12	2e-12	2e-12	2e-12	2e-12	2e-12	2e-12	2e-12	2e-12
*45/*8	2e-12	2e-12	0.0	0.0	0.0	2e-12	2e-12	2e-12	2e-12	1.3333333333333332e-12
*45/*9	2e-12	2e-12	2e-12	2e-12	2e-12	2e-12	2e-12	2e-12	2e-12	2e-12
*46/*46	1e-12	1e-12	1e-12	1e-12	1e-12	1e-12	1e-12	1e-12	1e-12	1e-12
*46/*47	2e-12	2e-12	2e-12	2e-12	2e-12	2e-12	2e-12	2e-12	2e-12	2e-12
*46/*5	0.0	0.0	9e-09	2e-09	4.08e-08	2e-12	1e-07	0.0	0.0	1.6866888888888887e-08
*46/*6	2e-12	2e-12	0.0	0.0	0.0	2e-12	2e-12	2e-12	2e-12	1.3333333333333332e-12
*46/*7	2e-12	2e-12	2e-12	2e-12	2e-12	2e-12	2e-12	2e-12	2e-12	2e-12
*46/*8	2e-12	2e-12	0.0	0.0	0.0	2e-12	2e-12	2e-12	2e-12	1.3333333333333332e-12
*46/*9	2e-12	2e-12	2e-12	2e-12	2e-12	2e-12	2e-12	2e-12	2e-12	2e-12
*47/*47	1e-12	1e-12	1e-12	1e-12	1e-12	1e-12	1e-12	1e-12	1e-12	1e-12
*47/*5	0.0	0.0	9e-09	2e-09	4.08e-08	2e-12	1e-07	0.0	0.0	1.6866888888888887e-08
*47/*6	2e-12	2e-12	0.0	0.0	0.0	2e-12	2e-12	2e-12	2e-12	1.3333333333333332e-12
*47/*7	2e-12	2e-12	2e-12	2e-12	2e-12	2e-12	2e-12	2e-12	2e-12	2e-12
*47/*8	2e-12	2e-12	0.0	0.0	0.0	2e-12	2e-12	2e-12	2e-12	1.3333333333333332e-12
*47/*9	2e-12	2e-12	2e-12	2e-12	2e-12	2e-12	2e-12	2e-12	2e-12	2e-12
*5/*5	0.0	0.0	2.0249999999999998e-05	1e-06	0.00041616000000000005	1e-12	0.0025000000000000005	0.0	0.0	0.0003263788890000001
*5/*6	0.0	0.0	0.0	0.0	0.0	2e-12	1e-07	0.0	0.0	1.1111333333333334e-08
*5/*7	0.0	0.0	9e-09	2e-09	4.08e-08	2e-12	1e-07	0.0	0.0	1.6866888888888887e-08
*5/*8	0.0	0.0	0.0	0.0	0.0	2e-12	1e-07	0.0	0.0	1.1111333333333334e-08
*5/*9	0.0	0.0	9e-09	2e-09	4.08e-08	2e-12	1e-07	0.0	0.0	1.6866888888888887e-08
*6/*6	1e-12	1e-12	0.0	0.0	0.0	1e-12	1e-12	1e-12	1e-12	6.666666666666666e-13
*6/*7	2e-12	2e-12	0.0	0.0	0.0	2e-12	2e-12	2e-12	2e-12	1.3333333333333332e-12
*6/*8	2e-12	2e-12	0.0	0.0	0.0	2e-12	2e-12	2e-12	2e-12	1.3333333333333332e-12
*6/*9	2e-12	2e-12	0.0	0.0	0.0	2e-12	2e-12	2e-12	2e-12	1.3333333333333332e-12
*7/*7	1e-12	1e-12	1e-12	1e-12	1e-12	1e-12	1e-12	1e-12	1e-12	1e-12
*7/*8	2e-12	2e-12	0.0	0.0	0.0	2e-12	2e-12	2e-12	2e-12	1.3333333333333332e-12
*7/*9	2e-12	2e-12	2e-12	2e-12	2e-12	2e-12	2e-12	2e-12	2e-12	2e-12
*8/*8	1e-12	1e-12	0.0	0.0	0.0	1e-12	1e-12	1e-12	1e-12	6.666666666666666e-13
*8/*9	2e-12	2e-12	0.0	0.0	0.0	2e-12	2e-12	2e-12	2e-12	1.3333333333333332e-12
*9/*9	1e-12	1e-12	1e-12	1e-12	1e-12	1e-12	1e-12	1e-12	1e-12	1e-12
