	African_American_Afro_Caribbean	American	Central_South_Asian	East_Asian	European	Latino	Near_Eastern	Oceanian	Sub_Saharan_African	Global
*1/*1	0.98763844	1e-12	0.99960004	0.9982008099999999	0.9990002500000001	0.9990002500000001	0.9399302500000001	1e-12	0.89605156	0.7577135111113332
*1/*10	1.9876e-06	2e-12	1.9996e-06	1.9981999999999998e-06	1.999e-06	1.999e-06	1.939e-06	2e-12	1.8932e-06	1.535067111111111e-06
*1/*11	1.9876e-06	2e-12	1.9996e-06	1.9981999999999998e-06	0.0003998	1.999e-06	1.939e-06	2e-12	1.8932e-06	4.573517822222222e-05
*1/*12	0.0	2e-12	0.0	0.00019982	1.999e-06	0.0001999	1.939e-06	2e-12	1.8932e-06	4.506124488888889e-05
*1/*13	1.9876e-06	2e-12	1.9996e-06	1.9981999999999998e-06	1.999e-06	1.999e-06	1.939e-06	2e-12	1.8932e-06	1.535067111111111e-06
*1/*14	1.9876e-06	2e-12	1.9996e-06	0.0	0.0	1.999e-06	1.939e-06	2e-12	0.0	8.805782222222223e-07
*1/*15	1.9876e-06	2e-12	0.0	0.0	0.0	0.0	1.939e-06	2e-12	1.8932e-06	6.466448888888887e-07
*1/*16	0.0	2e-12	0.0009998000000000001	0.00039964	0.0019990000000000003	0.0001999	1.939e-06	2e-12	1.8932e-06	0.000400241356
*1/*17	1.9876e-06	2e-12	1.9996e-06	1.9981999999999998e-06	0.0007996	1.999e-06	1.939e-06	2e-12	1.8932e-06	9.015740044444445e-05
*1/*18	1.9876e-06	2e-12	0.0	0.0	0.0	0.0	1.939e-06	2e-12	1.8932e-06	6.466448888888887e-07
*1/*19	1.9876e-06	2e-12	1.9996e-06	1.9981999999999998e-06	1.999e-06	1.999e-06	1.939e-06	2e-12	1.8932e-06	1.535067111111111e-06
*1/*2	0.01053428	2e-12	0.00039992	0.00019982	0.0041979	0.0069965	0.0139608	2e-12	0.0	0.004032135556
*1/*20	1.9876e-06	2e-12	0.0	0.0	0.0001999	0.0	1.939e-06	2e-12	1.8932e-06	2.2857756000000003e-05
*1/*21	0.0	2e-12	0.0	0.0	0.0001999	0.0	1.939e-06	2e-12	1.8932e-06	2.2636911555555558e-05
*1/*22	1.9876e-06	2e-12	1.9996e-06	1.9981999999999998e-06	0.0	1.999e-06	1.939e-06	2e-12	1.8932e-06	1.3129559999999998e-06
*1/*23	1.9876e-06	2e-12	0.0	0.0	0.0	0.0	1.939e-06	2e-12	1.8932e-06	6.466448888888887e-07
*1/*24	0.06519328	2e-12	0.0	0.0	0.0	0.0021989	1.939e-06	2e-12	1.8932e-06	0.007488445800444447
*1/*25	0.0	2e-12	1.9996e-06	1.9981999999999998e-06	0.0001999	1.999e-06	1.939e-06	2e-12	1.8932e-06	2.3303222666666667e-05
*1/*26	1.9876e-06	2e-12	0.0	0.0005994599999999999	0.0	0.0	1.939e-06	2e-12	1.8932e-06	6.725331155555554e-05
*1/*27	1.9876e-06	2e-12	1.9996e-06	1.9981999999999998e-06	1.999e-06	1.999e-06	1.939e-06	2e-12	1.8932e-06	1.535067111111111e-06
*1/*28	1.9876e-06	2e-12	1.9996e-06	1.9981999999999998e-06	1.999e-06	1.999e-06	1.939e-06	2e-12	1.8932e-06	1.535067111111111e-06
*1/*29	1.9876e-06	2e-12	0.0	0.0005994599999999999	0.0	0.0	1.939e-06	2e-12	1.8932e-06	6.725331155555554e-05
*1/*30	1.9876e-06	2e-12	0.0	0.0	0.0	0.0001999	1.939e-06	2e-12	1.8932e-06	2.2857756000000003e-05
*1/*31	1.9876e-06	2e-12	0.0	0.0	0.0	0.0	1.939e-06	2e-12	1.8932e-06	6.466448888888887e-07
*1/*32	1.9876e-06	2e-12	0.0	0.0	0.0	0.0	1.939e-06	2e-12	1.8932e-06	6.466448888888887e-07
*1/*33	1.9876e-06	2e-12	0.0	0.0	0.0	0.0001999	1.939e-06	2e-12	1.8932e-06	2.2857756000000003e-05
*1/*34	0.0	2e-12	0.00119976	0.0	0.0	0.0	1.939e-06	2e-12	1.8932e-06	0.00013373246711111112
*1/*35	1.9876e-06	2e-12	1.9996e-06	1.9981999999999998e-06	1.999e-06	1.999e-06	1.939e-06	2e-12	1.8932e-06	1.535067111111111e-06
*1/*36	1.9876e-06	2e-12	1.9996e-06	1.9981999999999998e-06	1.999e-06	1.999e-06	1.939e-06	2e-12	1.8932e-06	1.535067111111111e-06
*1/*37	1.9876e-06	2e-12	0.0	0.0	0.0	0.0001999	1.939e-06	2e-12	1.8932e-06	2.2857756000000003e-05
*1/*38	1.9876e-06	2e-12	0.0	0.00079928	0.0	0.0	1.939e-06	2e-12	1.8932e-06	8.945553377777777e-05
*1/*39	1.9876e-06	2e-12	0.0	0.00019982	0.0	0.0	1.939e-06	2e-12	1.8932e-06	2.2848867111111113e-05
*1/*3A	0.0159008	2e-12	0.008398319999999999	0.0005994599999999999	0.06756619999999999	0.08335830000000001	0.0254009	2e-12	0.00302912	0.022694788889333337
*1/*3B	0.0	2e-12	0.00339932	0.0	0.0055972	0.0047976	0.009113300000000001	2e-12	0.0	0.002545268889333334
*1/*3C	0.0477024	2e-12	0.02239552	0.032770480000000005	0.009795100000000001	0.0115942	0.018226600000000003	2e-12	0.10015028000000001	0.026959397778222222
*1/*4	1.9876e-06	2e-12	0.0	0.0	0.0001999	0.0	1.939e-06	2e-12	1.8932e-06	2.2857756000000003e-05
*1/*40	1.9876e-06	2e-12	0.0	0.0	0.0001999	0.0003998	1.939e-06	2e-12	1.8932e-06	6.727997822222221e-05
*1/*41	1.9876e-06	2e-12	1.9996e-06	1.9981999999999998e-06	1.999e-06	1.999e-06	1.939e-06	2e-12	1.8932e-06	1.535067111111111e-06
*1/*42	1.9876e-06	2e-12	1.9996e-06	1.9981999999999998e-06	1.999e-06	1.999e-06	1.939e-06	2e-12	1.8932e-06	1.535067111111111e-06
*1/*43	1.9876e-06	2e-12	1.9996e-06	1.9981999999999998e-06	1.999e-06	1.999e-06	1.939e-06	2e-12	1.8932e-06	1.535067111111111e-06
*1/*44	1.9876e-06	2e-12	1.9996e-06	1.9981999999999998e-06	1.999e-06	1.999e-06	1.939e-06	2e-12	1.8932e-06	1.535067111111111e-06
*1/*5	1.9876e-06	2e-12	1.9996e-06	0.0	0.0	1.999e-06	1.939e-06	2e-12	1.8932e-06	1.0909337777777779e-06
*1/*6	0.0	2e-12	0.0	0.00439604	0.0	0.0	1.939e-06	2e-12	1.8932e-06	0.0004888746893333334
*1/*7	1.9876e-06	2e-12	0.0	0.0	0.0	0.0	1.939e-06	2e-12	1.8932e-06	6.466448888888887e-07
*1/*8	0.0129194	2e-12	0.00019996	0.0	0.0001999	0.0023988	1.939e-06	2e-12	0.0454368	0.006795199889333334
*1/*9	1.9876e-06	2e-12	0.0	0.0	0.0011994	0.0001999	1.939e-06	2e-12	0.0	0.0001559140671111111
*10/*10	1e-12	1e-12	1e-12	1e-12	1e-12	1e-12	1e-12	1e-12	1e-12	1e-12
*10/*11	2e-12	2e-12	2e-12	2e-12	4e-10	2e-12	2e-12	2e-12	2e-12	4.6222222222222226e-11
*10/*12	0.0	2e-12	0.0	2e-10	2e-12	2e-10	2e-12	2e-12	2e-12	4.5555555555555555e-11
*10/*13	2e-12	2e-12	2e-12	2e-12	2e-12	2e-12	2e-12	2e-12	2e-12	2e-12
*10/*14	2e-12	2e-12	2e-12	0.0	0.0	2e-12	2e-12	2e-12	0.0	1.3333333333333332e-12
*10/*15	2e-12	2e-12	0.0	0.0	0.0	0.0	2e-12	2e-12	2e-12	1.111111111111111e-12
*10/*16	0.0	2e-12	1e-09	4e-10	2e-09	2e-10	2e-12	2e-12	2e-12	4.0088888888888904e-10
*10/*17	2e-12	2e-12	2e-12	2e-12	8e-10	2e-12	2e-12	2e-12	2e-12	9.066666666666666e-11
*10/*18	2e-12	2e-12	0.0	0.0	0.0	0.0	2e-12	2e-12	2e-12	1.111111111111111e-12
*10/*19	2e-12	2e-12	2e-12	2e-12	2e-12	2e-12	2e-12	2e-12	2e-12	2e-12
*10/*2	1.0599999999999999e-08	2e-12	4e-10	2e-10	4.1999999999999996e-09	7e-09	1.4399999999999998e-08	2e-12	0.0	4.089333333333334e-09
*10/*20	2e-12	2e-12	0.0	0.0	2e-10	0.0	2e-12	2e-12	2e-12	2.3333333333333334e-11
*10/*21	0.0	2e-12	0.0	0.0	2e-10	0.0	2e-12	2e-12	2e-12	2.311111111111111e-11
*10/*22	2e-12	2e-12	2e-12	2e-12	0.0	2e-12	2e-12	2e-12	2e-12	1.7777777777777778e-12
*10/*23	2e-12	2e-12	0.0	0.0	0.0	0.0	2e-12	2e-12	2e-12	1.111111111111111e-12
*10/*24	6.56e-08	2e-12	0.0	0.0	0.0	2.2e-09	2e-12	2e-12	2e-12	7.534222222222225e-09
*10/*25	0.0	2e-12	2e-12	2e-12	2e-10	2e-12	2e-12	2e-12	2e-12	2.3777777777777778e-11
*10/*26	2e-12	2e-12	0.0	5.999999999999999e-10	0.0	0.0	2e-12	2e-12	2e-12	6.777777777777777e-11
*10/*27	2e-12	2e-12	2e-12	2e-12	2e-12	2e-12	2e-12	2e-12	2e-12	2e-12
*10/*28	2e-12	2e-12	2e-12	2e-12	2e-12	2e-12	2e-12	2e-12	2e-12	2e-12
*10/*29	2e-12	2e-12	0.0	5.999999999999999e-10	0.0	0.0	2e-12	2e-12	2e-12	6.777777777777777e-11
*10/*30	2e-12	2e-12	0.0	0.0	0.0	2e-10	2e-12	2e-12	2e-12	2.3333333333333334e-11
*10/*31	2e-12	2e-12	0.0	0.0	0.0	0.0	2e-12	2e-12	2e-12	1.111111111111111e-12
*10/*32	2e-12	2e-12	0.0	0.0	0.0	0.0	2e-12	2e-12	2e-12	1.111111111111111e-12
*10/*33	2e-12	2e-12	0.0	0.0	0.0	2e-10	2e-12	2e-12	2e-12	2.3333333333333334e-11
*10/*34	0.0	2e-12	1.1999999999999998e-09	0.0	0.0	0.0	2e-12	2e-12	2e-12	1.342222222222222e-10
*10/*35	2e-12	2e-12	2e-12	2e-12	2e-12	2e-12	2e-12	2e-12	2e-12	2e-12
*10/*36	2e-12	2e-12	2e-12	2e-12	2e-12	2e-12	2e-12	2e-12	2e-12	2e-12
*10/*37	2e-12	2e-12	0.0	0.0	0.0	2e-10	2e-12	2e-12	2e-12	2.3333333333333334e-11
*10/*38	2e-12	2e-12	0.0	8e-10	0.0	0.0	2e-12	2e-12	2e-12	9e-11
*10/*39	2e-12	2e-12	0.0	2e-10	0.0	0.0	2e-12	2e-12	2e-12	2.3333333333333334e-11
*10/*3A	1.6e-08	2e-12	8.399999999999999e-09	5.999999999999999e-10	6.76e-08	8.339999999999999e-08	2.62e-08	2e-12	3.2e-09	2.2822666666666666e-08
*10/*3B	0.0	2e-12	3.4e-09	0.0	5.6e-09	4.799999999999999e-09	9.4e-09	2e-12	0.0	2.5782222222222217e-09
*10/*3C	4.8e-08	2e-12	2.24e-08	3.28e-08	9.799999999999998e-09	1.1599999999999998e-08	1.88e-08	2e-12	1.058e-07	2.7689333333333333e-08
*10/*4	2e-12	2e-12	0.0	0.0	2e-10	0.0	2e-12	2e-12	2e-12	2.3333333333333334e-11
*10/*40	2e-12	2e-12	0.0	0.0	2e-10	4e-10	2e-12	2e-12	2e-12	6.777777777777777e-11
*10/*41	2e-12	2e-12	2e-12	2e-12	2e-12	2e-12	2e-12	2e-12	2e-12	2e-12
*10/*42	2e-12	2e-12	2e-12	2e-12	2e-12	2e-12	2e-12	2e-12	2e-12	2e-12
*10/*43	2e-12	2e-12	2e-12	2e-12	2e-12	2e-12	2e-12	2e-12	2e-12	2e-12
*10/*44	2e-12	2e-12	2e-12	2e-12	2e-12	2e-12	2e-12	2e-12	2e-12	2e-12
*10/*5	2e-12	2e-12	2e-12	0.0	0.0	2e-12	2e-12	2e-12	2e-12	1.5555555555555554e-12
*10/*6	0.0	2e-12	0.0	4.4e-09	0.0	0.0	2e-12	2e-12	2e-12	4.897777777777776e-10
*10/*7	2e-12	2e-12	0.0	0.0	0.0	0.0	2e-12	2e-12	2e-12	1.111111111111111e-12
*10/*8	1.2999999999999999e-08	2e-12	2e-10	0.0	2e-10	2.3999999999999996e-09	2e-12	2e-12	4.8e-08	7.089555555555555e-09
*10/*9	2e-12	2e-12	0.0	0.0	1.1999999999999998e-09	2e-10	2e-12	2e-12	0.0	1.564444444444444e-10
*11/*11	1e-12	1e-12	1e-12	1e-12	4e-08	1e-12	1e-12	1e-12	1e-12	4.445333333333334e-09
*11/*12	0.0	2e-12	0.0	2e-10	4e-10	2e-10	2e-12	2e-12	2e-12	8.977777777777778e-11
*11/*13	2e-12	2e-12	2e-12	2e-12	4e-10	2e-12	2e-12	2e-12	2e-12	4.6222222222222226e-11
*11/*14	2e-12	2e-12	2e-12	0.0	0.0	2e-12	2e-12	2e-12	0.0	1.3333333333333332e-12
*11/*15	2e-12	2e-12	0.0	0.0	0.0	0.0	2e-12	2e-12	2e-12	1.111111111111111e-12
*11/*16	0.0	2e-12	1e-09	4e-10	4.0000000000000003e-07	2e-10	2e-12	2e-12	2e-12	4.4623111111111116e-08
*11/*17	2e-12	2e-12	2e-12	2e-12	1.6e-07	2e-12	2e-12	2e-12	2e-12	1.7779555555555558e-08
*11/*18	2e-12	2e-12	0.0	0.0	0.0	0.0	2e-12	2e-12	2e-12	1.111111111111111e-12
*11/*19	2e-12	2e-12	2e-12	2e-12	4e-10	2e-12	2e-12	2e-12	2e-12	4.6222222222222226e-11
*11/*2	1.0599999999999999e-08	2e-12	4e-10	2e-10	8.4e-07	7e-09	1.4399999999999998e-08	2e-12	0.0	9.6956e-08
*11/*20	2e-12	2e-12	0.0	0.0	4e-08	0.0	2e-12	2e-12	2e-12	4.445555555555556e-09
*11/*21	0.0	2e-12	0.0	0.0	4e-08	0.0	2e-12	2e-12	2e-12	4.4453333333333345e-09
*11/*22	2e-12	2e-12	2e-12	2e-12	0.0	2e-12	2e-12	2e-12	2e-12	1.7777777777777778e-12
*11/*23	2e-12	2e-12	0.0	0.0	0.0	0.0	2e-12	2e-12	2e-12	1.111111111111111e-12
*11/*24	6.56e-08	2e-12	0.0	0.0	0.0	2.2e-09	2e-12	2e-12	2e-12	7.534222222222225e-09
*11/*25	0.0	2e-12	2e-12	2e-12	4e-08	2e-12	2e-12	2e-12	2e-12	4.446000000000001e-09
*11/*26	2e-12	2e-12	0.0	5.999999999999999e-10	0.0	0.0	2e-12	2e-12	2e-12	6.777777777777777e-11
*11/*27	2e-12	2e-12	2e-12	2e-12	4e-10	2e-12	2e-12	2e-12	2e-12	4.6222222222222226e-11
*11/*28	2e-12	2e-12	2e-12	2e-12	4e-10	2e-12	2e-12	2e-12	2e-12	4.6222222222222226e-11
*11/*29	2e-12	2e-12	0.0	5.999999999999999e-10	0.0	0.0	2e-12	2e-12	2e-12	6.777777777777777e-11
*11/*30	2e-12	2e-12	0.0	0.0	0.0	2e-10	2e-12	2e-12	2e-12	2.3333333333333334e-11
*11/*31	2e-12	2e-12	0.0	0.0	0.0	0.0	2e-12	2e-12	2e-12	1.111111111111111e-12
*11/*32	2e-12	2e-12	0.0	0.0	0.0	0.0	2e-12	2e-12	2e-12	1.111111111111111e-12
*11/*33	2e-12	2e-12	0.0	0.0	0.0	2e-10	2e-12	2e-12	2e-12	2.3333333333333334e-11
*11/*34	0.0	2e-12	1.1999999999999998e-09	0.0	0.0	0.0	2e-12	2e-12	2e-12	1.342222222222222e-10
*11/*35	2e-12	2e-12	2e-12	2e-12	4e-10	2e-12	2e-12	2e-12	2e-12	4.6222222222222226e-11
*11/*36	2e-12	2e-12	2e-12	2e-12	4e-10	2e-12	2e-12	2e-12	2e-12	4.6222222222222226e-11
*11/*37	2e-12	2e-12	0.0	0.0	0.0	2e-10	2e-12	2e-12	2e-12	2.3333333333333334e-11
*11/*38	2e-12	2e-12	0.0	8e-10	0.0	0.0	2e-12	2e-12	2e-12	9e-11
*11/*39	2e-12	2e-12	0.0	2e-10	0.0	0.0	2e-12	2e-12	2e-12	2.3333333333333334e-11
*11/*3A	1.6e-08	2e-12	8.399999999999999e-09	5.999999999999999e-10	1.352e-05	8.339999999999999e-08	2.62e-08	2e-12	3.2e-09	1.5175337777777777e-06
*11/*3B	0.0	2e-12	3.4e-09	0.0	1.12e-06	4.799999999999999e-09	9.4e-09	2e-12	0.0	1.2640044444444448e-07
*11/*3C	4.8e-08	2e-12	2.24e-08	3.28e-08	1.96e-06	1.1599999999999998e-08	1.88e-08	2e-12	1.058e-07	2.4437822222222225e-07
*11/*4	2e-12	2e-12	0.0	0.0	4e-08	0.0	2e-12	2e-12	2e-12	4.445555555555556e-09
*11/*40	2e-12	2e-12	0.0	0.0	4e-08	4e-10	2e-12	2e-12	2e-12	4.49e-09
*11/*41	2e-12	2e-12	2e-12	2e-12	4e-10	2e-12	2e-12	2e-12	2e-12	4.6222222222222226e-11
*11/*42	2e-12	2e-12	2e-12	2e-12	4e-10	2e-12	2e-12	2e-12	2e-12	4.6222222222222226e-11
*11/*43	2e-12	2e-12	2e-12	2e-12	4e-10	2e-12	2e-12	2e-12	2e-12	4.6222222222222226e-11
*11/*44	2e-12	2e-12	2e-12	2e-12	4e-10	2e-12	2e-12	2e-12	2e-12	4.6222222222222226e-11
*11/*5	2e-12	2e-12	2e-12	0.0	0.0	2e-12	2e-12	2e-12	2e-12	1.5555555555555554e-12
*11/*6	0.0	2e-12	0.0	4.4e-09	0.0	0.0	2e-12	2e-12	2e-12	4.897777777777776e-10
*11/*7	2e-12	2e-12	0.0	0.0	0.0	0.0	2e-12	2e-12	2e-12	1.111111111111111e-12
*11/*8	1.2999999999999999e-08	2e-12	2e-10	0.0	4e-08	2.3999999999999996e-09	2e-12	2e-12	4.8e-08	1.1511777777777779e-08
*11/*9	2e-12	2e-12	0.0	0.0	2.4e-07	2e-10	2e-12	2e-12	0.0	2.6689777777777778e-08
*12/*12	0.0	1e-12	0.0	1e-08	1e-12	1e-08	1e-12	1e-12	1e-12	2.222777777777778e-09
*12/*13	0.0	2e-12	0.0	2e-10	2e-12	2e-10	2e-12	2e-12	2e-12	4.5555555555555555e-11
*12/*14	0.0	2e-12	0.0	0.0	0.0	2e-10	2e-12	2e-12	0.0	2.2888888888888886e-11
*12/*15	0.0	2e-12	0.0	0.0	0.0	0.0	2e-12	2e-12	2e-12	8.888888888888889e-13
*12/*16	0.0	2e-12	0.0	4e-08	2e-09	2e-08	2e-12	2e-12	2e-12	6.889777777777779e-09
*12/*17	0.0	2e-12	0.0	2e-10	8e-10	2e-10	2e-12	2e-12	2e-12	1.342222222222222e-10
*12/*18	0.0	2e-12	0.0	0.0	0.0	0.0	2e-12	2e-12	2e-12	8.888888888888889e-13
*12/*19	0.0	2e-12	0.0	2e-10	2e-12	2e-10	2e-12	2e-12	2e-12	4.5555555555555555e-11
*12/*2	0.0	2e-12	0.0	2e-08	4.1999999999999996e-09	7.000000000000001e-07	1.4399999999999998e-08	2e-12	0.0	8.206711111111112e-08
*12/*20	0.0	2e-12	0.0	0.0	2e-10	0.0	2e-12	2e-12	2e-12	2.311111111111111e-11
*12/*21	0.0	2e-12	0.0	0.0	2e-10	0.0	2e-12	2e-12	2e-12	2.311111111111111e-11
*12/*22	0.0	2e-12	0.0	2e-10	0.0	2e-10	2e-12	2e-12	2e-12	4.533333333333333e-11
*12/*23	0.0	2e-12	0.0	0.0	0.0	0.0	2e-12	2e-12	2e-12	8.888888888888889e-13
*12/*24	0.0	2e-12	0.0	0.0	0.0	2.2e-07	2e-12	2e-12	2e-12	2.4445333333333334e-08
*12/*25	0.0	2e-12	0.0	2e-10	2e-10	2e-10	2e-12	2e-12	2e-12	6.755555555555555e-11
*12/*26	0.0	2e-12	0.0	6e-08	0.0	0.0	2e-12	2e-12	2e-12	6.667555555555556e-09
*12/*27	0.0	2e-12	0.0	2e-10	2e-12	2e-10	2e-12	2e-12	2e-12	4.5555555555555555e-11
*12/*28	0.0	2e-12	0.0	2e-10	2e-12	2e-10	2e-12	2e-12	2e-12	4.5555555555555555e-11
*12/*29	0.0	2e-12	0.0	6e-08	0.0	0.0	2e-12	2e-12	2e-12	6.667555555555556e-09
*12/*30	0.0	2e-12	0.0	0.0	0.0	2e-08	2e-12	2e-12	2e-12	2.2231111111111107e-09
*12/*31	0.0	2e-12	0.0	0.0	0.0	0.0	2e-12	2e-12	2e-12	8.888888888888889e-13
*12/*32	0.0	2e-12	0.0	0.0	0.0	0.0	2e-12	2e-12	2e-12	8.888888888888889e-13
*12/*33	0.0	2e-12	0.0	0.0	0.0	2e-08	2e-12	2e-12	2e-12	2.2231111111111107e-09
*12/*34	0.0	2e-12	0.0	0.0	0.0	0.0	2e-12	2e-12	2e-12	8.888888888888889e-13
*12/*35	0.0	2e-12	0.0	2e-10	2e-12	2e-10	2e-12	2e-12	2e-12	4.5555555555555555e-11
*12/*36	0.0	2e-12	0.0	2e-10	2e-12	2e-10	2e-12	2e-12	2e-12	4.5555555555555555e-11
*12/*37	0.0	2e-12	0.0	0.0	0.0	2e-08	2e-12	2e-12	2e-12	2.2231111111111107e-09
*12/*38	0.0	2e-12	0.0	8e-08	0.0	0.0	2e-12	2e-12	2e-12	8.889777777777779e-09
*12/*39	0.0	2e-12	0.0	2e-08	0.0	0.0	2e-12	2e-12	2e-12	2.2231111111111107e-09
*12/*3A	0.0	2e-12	0.0	6e-08	6.76e-08	8.34e-06	2.62e-08	2e-12	3.2e-09	9.441115555555557e-07
*12/*3B	0.0	2e-12	0.0	0.0	5.6e-09	4.8e-07	9.4e-09	2e-12	0.0	5.5000444444444426e-08
*12/*3C	0.0	2e-12	0.0	3.2800000000000004e-06	9.799999999999998e-09	1.16e-06	1.88e-08	2e-12	1.058e-07	5.08267111111111e-07
*12/*4	0.0	2e-12	0.0	0.0	2e-10	0.0	2e-12	2e-12	2e-12	2.311111111111111e-11
*12/*40	0.0	2e-12	0.0	0.0	2e-10	4e-08	2e-12	2e-12	2e-12	4.467555555555556e-09
*12/*41	0.0	2e-12	0.0	2e-10	2e-12	2e-10	2e-12	2e-12	2e-12	4.5555555555555555e-11
*12/*42	0.0	2e-12	0.0	2e-10	2e-12	2e-10	2e-12	2e-12	2e-12	4.5555555555555555e-11
*12/*43	0.0	2e-12	0.0	2e-10	2e-12	2e-10	2e-12	2e-12	2e-12	4.5555555555555555e-11
*12/*44	0.0	2e-12	0.0	2e-10	2e-12	2e-10	2e-12	2e-12	2e-12	4.5555555555555555e-11
*12/*5	0.0	2e-12	0.0	0.0	0.0	2e-10	2e-12	2e-12	2e-12	2.311111111111111e-11
*12/*6	0.0	2e-12	0.0	4.4e-07	0.0	0.0	2e-12	2e-12	2e-12	4.888977777777778e-08
*12/*7	0.0	2e-12	0.0	0.0	0.0	0.0	2e-12	2e-12	2e-12	8.888888888888889e-13
*12/*8	0.0	2e-12	0.0	0.0	2e-10	2.4e-07	2e-12	2e-12	4.8e-08	3.202288888888889e-08
*12/*9	0.0	2e-12	0.0	0.0	1.1999999999999998e-09	2e-08	2e-12	2e-12	0.0	2.356222222222222e-09
*13/*13	1e-12	1e-12	1e-12	1e-12	1e-12	1e-12	1e-12	1e-12	1e-12	1e-12
*13/*14	2e-12	2e-12	2e-12	0.0	0.0	2e-12	2e-12	2e-12	0.0	1.3333333333333332e-12
*13/*15	2e-12	2e-12	0.0	0.0	0.0	0.0	2e-12	2e-12	2e-12	1.111111111111111e-12
*13/*16	0.0	2e-12	1e-09	4e-10	2e-09	2e-10	2e-12	2e-12	2e-12	4.0088888888888904e-10
*13/*17	2e-12	2e-12	2e-12	2e-12	8e-10	2e-12	2e-12	2e-12	2e-12	9.066666666666666e-11
*13/*18	2e-12	2e-12	0.0	0.0	0.0	0.0	2e-12	2e-12	2e-12	1.111111111111111e-12
*13/*19	2e-12	2e-12	2e-12	2e-12	2e-12	2e-12	2e-12	2e-12	2e-12	2e-12
*13/*2	1.0599999999999999e-08	2e-12	4e-10	2e-10	4.1999999999999996e-09	7e-09	1.4399999999999998e-08	2e-12	0.0	4.089333333333334e-09
*13/*20	2e-12	2e-12	0.0	0.0	2e-10	0.0	2e-12	2e-12	2e-12	2.3333333333333334e-11
*13/*21	0.0	2e-12	0.0	0.0	2e-10	0.0	2e-12	2e-12	2e-12	2.311111111111111e-11
*13/*22	2e-12	2e-12	2e-12	2e-12	0.0	2e-12	2e-12	2e-12	2e-12	1.7777777777777778e-12
*13/*23	2e-12	2e-12	0.0	0.0	0.0	0.0	2e-12	2e-12	2e-12	1.111111111111111e-12
*13/*24	6.56e-08	2e-12	0.0	0.0	0.0	2.2e-09	2e-12	2e-12	2e-12	7.534222222222225e-09
*13/*25	0.0	2e-12	2e-12	2e-12	2e-10	2e-12	2e-12	2e-12	2e-12	2.3777777777777778e-11
*13/*26	2e-12	2e-12	0.0	5.999999999999999e-10	0.0	0.0	2e-12	2e-12	2e-12	6.777777777777777e-11
*13/*27	2e-12	2e-12	2e-12	2e-12	2e-12	2e-12	2e-12	2e-12	2e-12	2e-12
*13/*28	2e-12	2e-12	2e-12	2e-12	2e-12	2e-12	2e-12	2e-12	2e-12	2e-12
*13/*29	2e-12	2e-12	0.0	5.999999999999999e-10	0.0	0.0	2e-12	2e-12	2e-12	6.777777777777777e-11
*13/*30	2e-12	2e-12	0.0	0.0	0.0	2e-10	2e-12	2e-12	2e-12	2.3333333333333334e-11
*13/*31	2e-12	2e-12	0.0	0.0	0.0	0.0	2e-12	2e-12	2e-12	1.111111111111111e-12
*13/*32	2e-12	2e-12	0.0	0.0	0.0	0.0	2e-12	2e-12	2e-12	1.111111111111111e-12
*13/*33	2e-12	2e-12	0.0	0.0	0.0	2e-10	2e-12	2e-12	2e-12	2.3333333333333334e-11
*13/*34	0.0	2e-12	1.1999999999999998e-09	0.0	0.0	0.0	2e-12	2e-12	2e-12	1.342222222222222e-10
*13/*35	2e-12	2e-12	2e-12	2e-12	2e-12	2e-12	2e-12	2e-12	2e-12	2e-12
*13/*36	2e-12	2e-12	2e-12	2e-12	2e-12	2e-12	2e-12	2e-12	2e-12	2e-12
*13/*37	2e-12	2e-12	0.0	0.0	0.0	2e-10	2e-12	2e-12	2e-12	2.3333333333333334e-11
*13/*38	2e-12	2e-12	0.0	8e-10	0.0	0.0	2e-12	2e-12	2e-12	9e-11
*13/*39	2e-12	2e-12	0.0	2e-10	0.0	0.0	2e-12	2e-12	2e-12	2.3333333333333334e-11
*13/*3A	1.6e-08	2e-12	8.399999999999999e-09	5.999999999999999e-10	6.76e-08	8.339999999999999e-08	2.62e-08	2e-12	3.2e-09	2.2822666666666666e-08
*13/*3B	0.0	2e-12	3.4e-09	0.0	5.6e-09	4.799999999999999e-09	9.4e-09	2e-12	0.0	2.5782222222222217e-09
*13/*3C	4.8e-08	2e-12	2.24e-08	3.28e-08	9.799999999999998e-09	1.1599999999999998e-08	1.88e-08	2e-12	1.058e-07	2.7689333333333333e-08
*13/*4	2e-12	2e-12	0.0	0.0	2e-10	0.0	2e-12	2e-12	2e-12	2.3333333333333334e-11
*13/*40	2e-12	2e-12	0.0	0.0	2e-10	4e-10	2e-12	2e-12	2e-12	6.777777777777777e-11
*13/*41	2e-12	2e-12	2e-12	2e-12	2e-12	2e-12	2e-12	2e-12	2e-12	2e-12
*13/*42	2e-12	2e-12	2e-12	2e-12	2e-12	2e-12	2e-12	2e-12	2e-12	2e-12
*13/*43	2e-12	2e-12	2e-12	2e-12	2e-12	2e-12	2e-12	2e-12	2e-12	2e-12
*13/*44	2e-12	2e-12	2e-12	2e-12	2e-12	2e-12	2e-12	2e-12	2e-12	2e-12
*13/*5	2e-12	2e-12	2e-12	0.0	0.0	2e-12	2e-12	2e-12	2e-12	1.5555555555555554e-12
*13/*6	0.0	2e-12	0.0	4.4e-09	0.0	0.0	2e-12	2e-12	2e-12	4.897777777777776e-10
*13/*7	2e-12	2e-12	0.0	0.0	0.0	0.0	2e-12	2e-12	2e-12	1.111111111111111e-12
*13/*8	1.2999999999999999e-08	2e-12	2e-10	0.0	2e-10	2.3999999999999996e-09	2e-12	2e-12	4.8e-08	7.089555555555555e-09
*13/*9	2e-12	2e-12	0.0	0.0	1.1999999999999998e-09	2e-10	2e-12	2e-12	0.0	1.564444444444444e-10
*14/*14	1e-12	1e-12	1e-12	0.0	0.0	1e-12	1e-12	1e-12	0.0	6.666666666666666e-13
*14/*15	2e-12	2e-12	0.0	0.0	0.0	0.0	2e-12	2e-12	0.0	8.888888888888889e-13
*14/*16	0.0	2e-12	1e-09	0.0	0.0	2e-10	2e-12	2e-12	0.0	1.34e-10
*14/*17	2e-12	2e-12	2e-12	0.0	0.0	2e-12	2e-12	2e-12	0.0	1.3333333333333332e-12
*14/*18	2e-12	2e-12	0.0	0.0	0.0	0.0	2e-12	2e-12	0.0	8.888888888888889e-13
*14/*19	2e-12	2e-12	2e-12	0.0	0.0	2e-12	2e-12	2e-12	0.0	1.3333333333333332e-12
*14/*2	1.0599999999999999e-08	2e-12	4e-10	0.0	0.0	7e-09	1.4399999999999998e-08	2e-12	0.0	3.6004444444444443e-09
*14/*20	2e-12	2e-12	0.0	0.0	0.0	0.0	2e-12	2e-12	0.0	8.888888888888889e-13
*14/*21	0.0	2e-12	0.0	0.0	0.0	0.0	2e-12	2e-12	0.0	6.666666666666667e-13
*14/*22	2e-12	2e-12	2e-12	0.0	0.0	2e-12	2e-12	2e-12	0.0	1.3333333333333332e-12
*14/*23	2e-12	2e-12	0.0	0.0	0.0	0.0	2e-12	2e-12	0.0	8.888888888888889e-13
*14/*24	6.56e-08	2e-12	0.0	0.0	0.0	2.2e-09	2e-12	2e-12	0.0	7.534000000000001e-09
*14/*25	0.0	2e-12	2e-12	0.0	0.0	2e-12	2e-12	2e-12	0.0	1.111111111111111e-12
*14/*26	2e-12	2e-12	0.0	0.0	0.0	0.0	2e-12	2e-12	0.0	8.888888888888889e-13
*14/*27	2e-12	2e-12	2e-12	0.0	0.0	2e-12	2e-12	2e-12	0.0	1.3333333333333332e-12
*14/*28	2e-12	2e-12	2e-12	0.0	0.0	2e-12	2e-12	2e-12	0.0	1.3333333333333332e-12
*14/*29	2e-12	2e-12	0.0	0.0	0.0	0.0	2e-12	2e-12	0.0	8.888888888888889e-13
*14/*30	2e-12	2e-12	0.0	0.0	0.0	2e-10	2e-12	2e-12	0.0	2.3111111111111113e-11
*14/*31	2e-12	2e-12	0.0	0.0	0.0	0.0	2e-12	2e-12	0.0	8.888888888888889e-13
*14/*32	2e-12	2e-12	0.0	0.0	0.0	0.0	2e-12	2e-12	0.0	8.888888888888889e-13
*14/*33	2e-12	2e-12	0.0	0.0	0.0	2e-10	2e-12	2e-12	0.0	2.3111111111111113e-11
*14/*34	0.0	2e-12	1.1999999999999998e-09	0.0	0.0	0.0	2e-12	2e-12	0.0	1.3399999999999998e-10
*14/*35	2e-12	2e-12	2e-12	0.0	0.0	2e-12	2e-12	2e-12	0.0	1.3333333333333332e-12
*14/*36	2e-12	2e-12	2e-12	0.0	0.0	2e-12	2e-12	2e-12	0.0	1.3333333333333332e-12
*14/*37	2e-12	2e-12	0.0	0.0	0.0	2e-10	2e-12	2e-12	0.0	2.3111111111111113e-11
*14/*38	2e-12	2e-12	0.0	0.0	0.0	0.0	2e-12	2e-12	0.0	8.888888888888889e-13
*14/*39	2e-12	2e-12	0.0	0.0	0.0	0.0	2e-12	2e-12	0.0	8.888888888888889e-13
*14/*3A	1.6e-08	2e-12	8.399999999999999e-09	0.0	0.0	8.339999999999999e-08	2.62e-08	2e-12	0.0	1.4889333333333331e-08
*14/*3B	0.0	2e-12	3.4e-09	0.0	0.0	4.799999999999999e-09	9.4e-09	2e-12	0.0	1.956e-09
*14/*3C	4.8e-08	2e-12	2.24e-08	0.0	0.0	1.1599999999999998e-08	1.88e-08	2e-12	0.0	1.1200444444444445e-08
*14/*4	2e-12	2e-12	0.0	0.0	0.0	0.0	2e-12	2e-12	0.0	8.888888888888889e-13
*14/*40	2e-12	2e-12	0.0	0.0	0.0	4e-10	2e-12	2e-12	0.0	4.533333333333333e-11
*14/*41	2e-12	2e-12	2e-12	0.0	0.0	2e-12	2e-12	2e-12	0.0	1.3333333333333332e-12
*14/*42	2e-12	2e-12	2e-12	0.0	0.0	2e-12	2e-12	2e-12	0.0	1.3333333333333332e-12
*14/*43	2e-12	2e-12	2e-12	0.0	0.0	2e-12	2e-12	2e-12	0.0	1.3333333333333332e-12
*14/*44	2e-12	2e-12	2e-12	0.0	0.0	2e-12	2e-12	2e-12	0.0	1.3333333333333332e-12
*14/*5	2e-12	2e-12	2e-12	0.0	0.0	2e-12	2e-12	2e-12	0.0	1.3333333333333332e-12
*14/*6	0.0	2e-12	0.0	0.0	0.0	0.0	2e-12	2e-12	0.0	6.666666666666667e-13
*14/*7	2e-12	2e-12	0.0	0.0	0.0	0.0	2e-12	2e-12	0.0	8.888888888888889e-13
*14/*8	1.2999999999999999e-08	2e-12	2e-10	0.0	0.0	2.3999999999999996e-09	2e-12	2e-12	0.0	1.7339999999999998e-09
*14/*9	2e-12	2e-12	0.0	0.0	0.0	2e-10	2e-12	2e-12	0.0	2.3111111111111113e-11
*15/*15	1e-12	1e-12	0.0	0.0	0.0	0.0	1e-12	1e-12	1e-12	5.555555555555555e-13
*15/*16	0.0	2e-12	0.0	0.0	0.0	0.0	2e-12	2e-12	2e-12	8.888888888888889e-13
*15/*17	2e-12	2e-12	0.0	0.0	0.0	0.0	2e-12	2e-12	2e-12	1.111111111111111e-12
*15/*18	2e-12	2e-12	0.0	0.0	0.0	0.0	2e-12	2e-12	2e-12	1.111111111111111e-12
*15/*19	2e-12	2e-12	0.0	0.0	0.0	0.0	2e-12	2e-12	2e-12	1.111111111111111e-12
*15/*2	1.0599999999999999e-08	2e-12	0.0	0.0	0.0	0.0	1.4399999999999998e-08	2e-12	0.0	2.778222222222222e-09
*15/*20	2e-12	2e-12	0.0	0.0	0.0	0.0	2e-12	2e-12	2e-12	1.111111111111111e-12
*15/*21	0.0	2e-12	0.0	0.0	0.0	0.0	2e-12	2e-12	2e-12	8.888888888888889e-13
*15/*22	2e-12	2e-12	0.0	0.0	0.0	0.0	2e-12	2e-12	2e-12	1.111111111111111e-12
*15/*23	2e-12	2e-12	0.0	0.0	0.0	0.0	2e-12	2e-12	2e-12	1.111111111111111e-12
*15/*24	6.56e-08	2e-12	0.0	0.0	0.0	0.0	2e-12	2e-12	2e-12	7.289777777777779e-09
*15/*25	0.0	2e-12	0.0	0.0	0.0	0.0	2e-12	2e-12	2e-12	8.888888888888889e-13
*15/*26	2e-12	2e-12	0.0	0.0	0.0	0.0	2e-12	2e-12	2e-12	1.111111111111111e-12
*15/*27	2e-12	2e-12	0.0	0.0	0.0	0.0	2e-12	2e-12	2e-12	1.111111111111111e-12
*15/*28	2e-12	2e-12	0.0	0.0	0.0	0.0	2e-12	2e-12	2e-12	1.111111111111111e-12
*15/*29	2e-12	2e-12	0.0	0.0	0.0	0.0	2e-12	2e-12	2e-12	1.111111111111111e-12
*15/*30	2e-12	2e-12	0.0	0.0	0.0	0.0	2e-12	2e-12	2e-12	1.111111111111111e-12
*15/*31	2e-12	2e-12	0.0	0.0	0.0	0.0	2e-12	2e-12	2e-12	1.111111111111111e-12
*15/*32	2e-12	2e-12	0.0	0.0	0.0	0.0	2e-12	2e-12	2e-12	1.111111111111111e-12
*15/*33	2e-12	2e-12	0.0	0.0	0.0	0.0	2e-12	2e-12	2e-12	1.111111111111111e-12
*15/*34	0.0	2e-12	0.0	0.0	0.0	0.0	2e-12	2e-12	2e-12	8.888888888888889e-13
*15/*35	2e-12	2e-12	0.0	0.0	0.0	0.0	2e-12	2e-12	2e-12	1.111111111111111e-12
*15/*36	2e-12	2e-12	0.0	0.0	0.0	0.0	2e-12	2e-12	2e-12	1.111111111111111e-12
*15/*37	2e-12	2e-12	0.0	0.0	0.0	0.0	2e-12	2e-12	2e-12	1.111111111111111e-12
*15/*38	2e-12	2e-12	0.0	0.0	0.0	0.0	2e-12	2e-12	2e-12	1.111111111111111e-12
*15/*39	2e-12	2e-12	0.0	0.0	0.0	0.0	2e-12	2e-12	2e-12	1.111111111111111e-12
*15/*3A	1.6e-08	2e-12	0.0	0.0	0.0	0.0	2.62e-08	2e-12	3.2e-09	5.044888888888889e-09
*15/*3B	0.0	2e-12	0.0	0.0	0.0	0.0	9.4e-09	2e-12	0.0	1.044888888888889e-09
*15/*3C	4.8e-08	2e-12	0.0	0.0	0.0	0.0	1.88e-08	2e-12	1.058e-07	1.9178222222222223e-08
*15/*4	2e-12	2e-12	0.0	0.0	0.0	0.0	2e-12	2e-12	2e-12	1.111111111111111e-12
*15/*40	2e-12	2e-12	0.0	0.0	0.0	0.0	2e-12	2e-12	2e-12	1.111111111111111e-12
*15/*41	2e-12	2e-12	0.0	0.0	0.0	0.0	2e-12	2e-12	2e-12	1.111111111111111e-12
*15/*42	2e-12	2e-12	0.0	0.0	0.0	0.0	2e-12	2e-12	2e-12	1.111111111111111e-12
*15/*43	2e-12	2e-12	0.0	0.0	0.0	0.0	2e-12	2e-12	2e-12	1.111111111111111e-12
*15/*44	2e-12	2e-12	0.0	0.0	0.0	0.0	2e-12	2e-12	2e-12	1.111111111111111e-12
*15/*5	2e-12	2e-12	0.0	0.0	0.0	0.0	2e-12	2e-12	2e-12	1.111111111111111e-12
*15/*6	0.0	2e-12	0.0	0.0	0.0	0.0	2e-12	2e-12	2e-12	8.888888888888889e-13
*15/*7	2e-12	2e-12	0.0	0.0	0.0	0.0	2e-12	2e-12	2e-12	1.111111111111111e-12
*15/*8	1.2999999999999999e-08	2e-12	0.0	0.0	0.0	0.0	2e-12	2e-12	4.8e-08	6.778444444444444e-09
*15/*9	2e-12	2e-12	0.0	0.0	0.0	0.0	2e-12	2e-12	0.0	8.888888888888889e-13
*16/*16	0.0	1e-12	2.5e-07	4e-08	1e-06	1e-08	1e-12	1e-12	1e-12	1.4444488888888888e-07
*16/*17	0.0	2e-12	1e-09	4e-10	8.000000000000001e-07	2e-10	2e-12	2e-12	2e-12	8.906755555555554e-08
*16/*18	0.0	2e-12	0.0	0.0	0.0	0.0	2e-12	2e-12	2e-12	8.888888888888889e-13
*16/*19	0.0	2e-12	1e-09	4e-10	2e-09	2e-10	2e-12	2e-12	2e-12	4.0088888888888904e-10
*16/*2	0.0	2e-12	2.0000000000000002e-07	4e-08	4.2e-06	7.000000000000001e-07	1.4399999999999998e-08	2e-12	0.0	5.727115555555555e-07
*16/*20	0.0	2e-12	0.0	0.0	2.0000000000000002e-07	0.0	2e-12	2e-12	2e-12	2.2223111111111114e-08
*16/*21	0.0	2e-12	0.0	0.0	2.0000000000000002e-07	0.0	2e-12	2e-12	2e-12	2.2223111111111114e-08
*16/*22	0.0	2e-12	1e-09	4e-10	0.0	2e-10	2e-12	2e-12	2e-12	1.7866666666666667e-10
*16/*23	0.0	2e-12	0.0	0.0	0.0	0.0	2e-12	2e-12	2e-12	8.888888888888889e-13
*16/*24	0.0	2e-12	0.0	0.0	0.0	2.2e-07	2e-12	2e-12	2e-12	2.4445333333333334e-08
*16/*25	0.0	2e-12	1e-09	4e-10	2.0000000000000002e-07	2e-10	2e-12	2e-12	2e-12	2.240088888888889e-08
*16/*26	0.0	2e-12	0.0	1.2e-07	0.0	0.0	2e-12	2e-12	2e-12	1.3334222222222222e-08
*16/*27	0.0	2e-12	1e-09	4e-10	2e-09	2e-10	2e-12	2e-12	2e-12	4.0088888888888904e-10
*16/*28	0.0	2e-12	1e-09	4e-10	2e-09	2e-10	2e-12	2e-12	2e-12	4.0088888888888904e-10
*16/*29	0.0	2e-12	0.0	1.2e-07	0.0	0.0	2e-12	2e-12	2e-12	1.3334222222222222e-08
*16/*30	0.0	2e-12	0.0	0.0	0.0	2e-08	2e-12	2e-12	2e-12	2.2231111111111107e-09
*16/*31	0.0	2e-12	0.0	0.0	0.0	0.0	2e-12	2e-12	2e-12	8.888888888888889e-13
*16/*32	0.0	2e-12	0.0	0.0	0.0	0.0	2e-12	2e-12	2e-12	8.888888888888889e-13
*16/*33	0.0	2e-12	0.0	0.0	0.0	2e-08	2e-12	2e-12	2e-12	2.2231111111111107e-09
*16/*34	0.0	2e-12	6e-07	0.0	0.0	0.0	2e-12	2e-12	2e-12	6.666755555555553e-08
*16/*35	0.0	2e-12	1e-09	4e-10	2e-09	2e-10	2e-12	2e-12	2e-12	4.0088888888888904e-10
*16/*36	0.0	2e-12	1e-09	4e-10	2e-09	2e-10	2e-12	2e-12	2e-12	4.0088888888888904e-10
*16/*37	0.0	2e-12	0.0	0.0	0.0	2e-08	2e-12	2e-12	2e-12	2.2231111111111107e-09
*16/*38	0.0	2e-12	0.0	1.6e-07	0.0	0.0	2e-12	2e-12	2e-12	1.7778666666666667e-08
*16/*39	0.0	2e-12	0.0	4e-08	0.0	0.0	2e-12	2e-12	2e-12	4.4453333333333345e-09
*16/*3A	0.0	2e-12	4.2e-06	1.2e-07	6.759999999999999e-05	8.34e-06	2.62e-08	2e-12	3.2e-09	8.921044888888889e-06
*16/*3B	0.0	2e-12	1.7e-06	0.0	5.6e-06	4.8e-07	9.4e-09	2e-12	0.0	8.654893333333335e-07
*16/*3C	0.0	2e-12	1.12e-05	6.560000000000001e-06	9.8e-06	1.16e-06	1.88e-08	2e-12	1.058e-07	3.204956e-06
*16/*4	0.0	2e-12	0.0	0.0	2.0000000000000002e-07	0.0	2e-12	2e-12	2e-12	2.2223111111111114e-08
*16/*40	0.0	2e-12	0.0	0.0	2.0000000000000002e-07	4e-08	2e-12	2e-12	2e-12	2.666755555555556e-08
*16/*41	0.0	2e-12	1e-09	4e-10	2e-09	2e-10	2e-12	2e-12	2e-12	4.0088888888888904e-10
*16/*42	0.0	2e-12	1e-09	4e-10	2e-09	2e-10	2e-12	2e-12	2e-12	4.0088888888888904e-10
*16/*43	0.0	2e-12	1e-09	4e-10	2e-09	2e-10	2e-12	2e-12	2e-12	4.0088888888888904e-10
*16/*44	0.0	2e-12	1e-09	4e-10	2e-09	2e-10	2e-12	2e-12	2e-12	4.0088888888888904e-10
*16/*5	0.0	2e-12	1e-09	0.0	0.0	2e-10	2e-12	2e-12	2e-12	1.342222222222222e-10
*16/*6	0.0	2e-12	0.0	8.8e-07	0.0	0.0	2e-12	2e-12	2e-12	9.777866666666665e-08
*16/*7	0.0	2e-12	0.0	0.0	0.0	0.0	2e-12	2e-12	2e-12	8.888888888888889e-13
*16/*8	0.0	2e-12	1.0000000000000001e-07	0.0	2.0000000000000002e-07	2.4e-07	2e-12	2e-12	4.8e-08	6.533399999999998e-08
*16/*9	0.0	2e-12	0.0	0.0	1.2e-06	2e-08	2e-12	2e-12	0.0	1.3555622222222223e-07
*17/*17	1e-12	1e-12	1e-12	1e-12	1.6e-07	1e-12	1e-12	1e-12	1e-12	1.7778666666666667e-08
*17/*18	2e-12	2e-12	0.0	0.0	0.0	0.0	2e-12	2e-12	2e-12	1.111111111111111e-12
*17/*19	2e-12	2e-12	2e-12	2e-12	8e-10	2e-12	2e-12	2e-12	2e-12	9.066666666666666e-11
*17/*2	1.0599999999999999e-08	2e-12	4e-10	2e-10	1.68e-06	7e-09	1.4399999999999998e-08	2e-12	0.0	1.9028933333333336e-07
*17/*20	2e-12	2e-12	0.0	0.0	8e-08	0.0	2e-12	2e-12	2e-12	8.890000000000002e-09
*17/*21	0.0	2e-12	0.0	0.0	8e-08	0.0	2e-12	2e-12	2e-12	8.889777777777779e-09
*17/*22	2e-12	2e-12	2e-12	2e-12	0.0	2e-12	2e-12	2e-12	2e-12	1.7777777777777778e-12
*17/*23	2e-12	2e-12	0.0	0.0	0.0	0.0	2e-12	2e-12	2e-12	1.111111111111111e-12
*17/*24	6.56e-08	2e-12	0.0	0.0	0.0	2.2e-09	2e-12	2e-12	2e-12	7.534222222222225e-09
*17/*25	0.0	2e-12	2e-12	2e-12	8e-08	2e-12	2e-12	2e-12	2e-12	8.890444444444446e-09
*17/*26	2e-12	2e-12	0.0	5.999999999999999e-10	0.0	0.0	2e-12	2e-12	2e-12	6.777777777777777e-11
*17/*27	2e-12	2e-12	2e-12	2e-12	8e-10	2e-12	2e-12	2e-12	2e-12	9.066666666666666e-11
*17/*28	2e-12	2e-12	2e-12	2e-12	8e-10	2e-12	2e-12	2e-12	2e-12	9.066666666666666e-11
*17/*29	2e-12	2e-12	0.0	5.999999999999999e-10	0.0	0.0	2e-12	2e-12	2e-12	6.777777777777777e-11
*17/*30	2e-12	2e-12	0.0	0.0	0.0	2e-10	2e-12	2e-12	2e-12	2.3333333333333334e-11
*17/*31	2e-12	2e-12	0.0	0.0	0.0	0.0	2e-12	2e-12	2e-12	1.111111111111111e-12
*17/*32	2e-12	2e-12	0.0	0.0	0.0	0.0	2e-12	2e-12	2e-12	1.111111111111111e-12
*17/*33	2e-12	2e-12	0.0	0.0	0.0	2e-10	2e-12	2e-12	2e-12	2.3333333333333334e-11
*17/*34	0.0	2e-12	1.1999999999999998e-09	0.0	0.0	0.0	2e-12	2e-12	2e-12	1.342222222222222e-10
*17/*35	2e-12	2e-12	2e-12	2e-12	8e-10	2e-12	2e-12	2e-12	2e-12	9.066666666666666e-11
*17/*36	2e-12	2e-12	2e-12	2e-12	8e-10	2e-12	2e-12	2e-12	2e-12	9.066666666666666e-11
*17/*37	2e-12	2e-12	0.0	0.0	0.0	2e-10	2e-12	2e-12	2e-12	2.3333333333333334e-11
*17/*38	2e-12	2e-12	0.0	8e-10	0.0	0.0	2e-12	2e-12	2e-12	9e-11
*17/*39	2e-12	2e-12	0.0	2e-10	0.0	0.0	2e-12	2e-12	2e-12	2.3333333333333334e-11
*17/*3A	1.6e-08	2e-12	8.399999999999999e-09	5.999999999999999e-10	2.704e-05	8.339999999999999e-08	2.62e-08	2e-12	3.2e-09	3.0197559999999995e-06
*17/*3B	0.0	2e-12	3.4e-09	0.0	2.24e-06	4.799999999999999e-09	9.4e-09	2e-12	0.0	2.5084488888888885e-07
*17/*3C	4.8e-08	2e-12	2.24e-08	3.28e-08	3.92e-06	1.1599999999999998e-08	1.88e-08	2e-12	1.058e-07	4.6215599999999984e-07
*17/*4	2e-12	2e-12	0.0	0.0	8e-08	0.0	2e-12	2e-12	2e-12	8.890000000000002e-09
*17/*40	2e-12	2e-12	0.0	0.0	8e-08	4e-10	2e-12	2e-12	2e-12	8.934444444444446e-09
*17/*41	2e-12	2e-12	2e-12	2e-12	8e-10	2e-12	2e-12	2e-12	2e-12	9.066666666666666e-11
*17/*42	2e-12	2e-12	2e-12	2e-12	8e-10	2e-12	2e-12	2e-12	2e-12	9.066666666666666e-11
*17/*43	2e-12	2e-12	2e-12	2e-12	8e-10	2e-12	2e-12	2e-12	2e-12	9.066666666666666e-11
*17/*44	2e-12	2e-12	2e-12	2e-12	8e-10	2e-12	2e-12	2e-12	2e-12	9.066666666666666e-11
*17/*5	2e-12	2e-12	2e-12	0.0	0.0	2e-12	2e-12	2e-12	2e-12	1.5555555555555554e-12
*17/*6	0.0	2e-12	0.0	4.4e-09	0.0	0.0	2e-12	2e-12	2e-12	4.897777777777776e-10
*17/*7	2e-12	2e-12	0.0	0.0	0.0	0.0	2e-12	2e-12	2e-12	1.111111111111111e-12
*17/*8	1.2999999999999999e-08	2e-12	2e-10	0.0	8e-08	2.3999999999999996e-09	2e-12	2e-12	4.8e-08	1.5956222222222222e-08
*17/*9	2e-12	2e-12	0.0	0.0	4.8e-07	2e-10	2e-12	2e-12	0.0	5.335644444444443e-08
*18/*18	1e-12	1e-12	0.0	0.0	0.0	0.0	1e-12	1e-12	1e-12	5.555555555555555e-13
*18/*19	2e-12	2e-12	0.0	0.0	0.0	0.0	2e-12	2e-12	2e-12	1.111111111111111e-12
*18/*2	1.0599999999999999e-08	2e-12	0.0	0.0	0.0	0.0	1.4399999999999998e-08	2e-12	0.0	2.778222222222222e-09
*18/*20	2e-12	2e-12	0.0	0.0	0.0	0.0	2e-12	2e-12	2e-12	1.111111111111111e-12
*18/*21	0.0	2e-12	0.0	0.0	0.0	0.0	2e-12	2e-12	2e-12	8.888888888888889e-13
*18/*22	2e-12	2e-12	0.0	0.0	0.0	0.0	2e-12	2e-12	2e-12	1.111111111111111e-12
*18/*23	2e-12	2e-12	0.0	0.0	0.0	0.0	2e-12	2e-12	2e-12	1.111111111111111e-12
*18/*24	6.56e-08	2e-12	0.0	0.0	0.0	0.0	2e-12	2e-12	2e-12	7.289777777777779e-09
*18/*25	0.0	2e-12	0.0	0.0	0.0	0.0	2e-12	2e-12	2e-12	8.888888888888889e-13
*18/*26	2e-12	2e-12	0.0	0.0	0.0	0.0	2e-12	2e-12	2e-12	1.111111111111111e-12
*18/*27	2e-12	2e-12	0.0	0.0	0.0	0.0	2e-12	2e-12	2e-12	1.111111111111111e-12
*18/*28	2e-12	2e-12	0.0	0.0	0.0	0.0	2e-12	2e-12	2e-12	1.111111111111111e-12
*18/*29	2e-12	2e-12	0.0	0.0	0.0	0.0	2e-12	2e-12	2e-12	1.111111111111111e-12
*18/*30	2e-12	2e-12	0.0	0.0	0.0	0.0	2e-12	2e-12	2e-12	1.111111111111111e-12
*18/*31	2e-12	2e-12	0.0	0.0	0.0	0.0	2e-12	2e-12	2e-12	1.111111111111111e-12
*18/*32	2e-12	2e-12	0.0	0.0	0.0	0.0	2e-12	2e-12	2e-12	1.111111111111111e-12
*18/*33	2e-12	2e-12	0.0	0.0	0.0	0.0	2e-12	2e-12	2e-12	1.111111111111111e-12
*18/*34	0.0	2e-12	0.0	0.0	0.0	0.0	2e-12	2e-12	2e-12	8.888888888888889e-13
*18/*35	2e-12	2e-12	0.0	0.0	0.0	0.0	2e-12	2e-12	2e-12	1.111111111111111e-12
*18/*36	2e-12	2e-12	0.0	0.0	0.0	0.0	2e-12	2e-12	2e-12	1.111111111111111e-12
*18/*37	2e-12	2e-12	0.0	0.0	0.0	0.0	2e-12	2e-12	2e-12	1.111111111111111e-12
*18/*38	2e-12	2e-12	0.0	0.0	0.0	0.0	2e-12	2e-12	2e-12	1.111111111111111e-12
*18/*39	2e-12	2e-12	0.0	0.0	0.0	0.0	2e-12	2e-12	2e-12	1.111111111111111e-12
*18/*3A	1.6e-08	2e-12	0.0	0.0	0.0	0.0	2.62e-08	2e-12	3.2e-09	5.044888888888889e-09
*18/*3B	0.0	2e-12	0.0	0.0	0.0	0.0	9.4e-09	2e-12	0.0	1.044888888888889e-09
*18/*3C	4.8e-08	2e-12	0.0	0.0	0.0	0.0	1.88e-08	2e-12	1.058e-07	1.9178222222222223e-08
*18/*4	2e-12	2e-12	0.0	0.0	0.0	0.0	2e-12	2e-12	2e-12	1.111111111111111e-12
*18/*40	2e-12	2e-12	0.0	0.0	0.0	0.0	2e-12	2e-12	2e-12	1.111111111111111e-12
*18/*41	2e-12	2e-12	0.0	0.0	0.0	0.0	2e-12	2e-12	2e-12	1.111111111111111e-12
*18/*42	2e-12	2e-12	0.0	0.0	0.0	0.0	2e-12	2e-12	2e-12	1.111111111111111e-12
*18/*43	2e-12	2e-12	0.0	0.0	0.0	0.0	2e-12	2e-12	2e-12	1.111111111111111e-12
*18/*44	2e-12	2e-12	0.0	0.0	0.0	0.0	2e-12	2e-12	2e-12	1.111111111111111e-12
*18/*5	2e-12	2e-12	0.0	0.0	0.0	0.0	2e-12	2e-12	2e-12	1.111111111111111e-12
*18/*6	0.0	2e-12	0.0	0.0	0.0	0.0	2e-12	2e-12	2e-12	8.888888888888889e-13
*18/*7	2e-12	2e-12	0.0	0.0	0.0	0.0	2e-12	2e-12	2e-12	1.111111111111111e-12
*18/*8	1.2999999999999999e-08	2e-12	0.0	0.0	0.0	0.0	2e-12	2e-12	4.8e-08	6.778444444444444e-09
*18/*9	2e-12	2e-12	0.0	0.0	0.0	0.0	2e-12	2e-12	0.0	8.888888888888889e-13
*19/*19	1e-12	1e-12	1e-12	1e-12	1e-12	1e-12	1e-12	1e-12	1e-12	1e-12
*19/*2	1.0599999999999999e-08	2e-12	4e-10	2e-10	4.1999999999999996e-09	7e-09	1.4399999999999998e-08	2e-12	0.0	4.089333333333334e-09
*19/*20	2e-12	2e-12	0.0	0.0	2e-10	0.0	2e-12	2e-12	2e-12	2.3333333333333334e-11
*19/*21	0.0	2e-12	0.0	0.0	2e-10	0.0	2e-12	2e-12	2e-12	2.311111111111111e-11
*19/*22	2e-12	2e-12	2e-12	2e-12	0.0	2e-12	2e-12	2e-12	2e-12	1.7777777777777778e-12
*19/*23	2e-12	2e-12	0.0	0.0	0.0	0.0	2e-12	2e-12	2e-12	1.111111111111111e-12
*19/*24	6.56e-08	2e-12	0.0	0.0	0.0	2.2e-09	2e-12	2e-12	2e-12	7.534222222222225e-09
*19/*25	0.0	2e-12	2e-12	2e-12	2e-10	2e-12	2e-12	2e-12	2e-12	2.3777777777777778e-11
*19/*26	2e-12	2e-12	0.0	5.999999999999999e-10	0.0	0.0	2e-12	2e-12	2e-12	6.777777777777777e-11
*19/*27	2e-12	2e-12	2e-12	2e-12	2e-12	2e-12	2e-12	2e-12	2e-12	2e-12
*19/*28	2e-12	2e-12	2e-12	2e-12	2e-12	2e-12	2e-12	2e-12	2e-12	2e-12
*19/*29	2e-12	2e-12	0.0	5.999999999999999e-10	0.0	0.0	2e-12	2e-12	2e-12	6.777777777777777e-11
*19/*30	2e-12	2e-12	0.0	0.0	0.0	2e-10	2e-12	2e-12	2e-12	2.3333333333333334e-11
*19/*31	2e-12	2e-12	0.0	0.0	0.0	0.0	2e-12	2e-12	2e-12	1.111111111111111e-12
*19/*32	2e-12	2e-12	0.0	0.0	0.0	0.0	2e-12	2e-12	2e-12	1.111111111111111e-12
*19/*33	2e-12	2e-12	0.0	0.0	0.0	2e-10	2e-12	2e-12	2e-12	2.3333333333333334e-11
*19/*34	0.0	2e-12	1.1999999999999998e-09	0.0	0.0	0.0	2e-12	2e-12	2e-12	1.342222222222222e-10
*19/*35	2e-12	2e-12	2e-12	2e-12	2e-12	2e-12	2e-12	2e-12	2e-12	2e-12
*19/*36	2e-12	2e-12	2e-12	2e-12	2e-12	2e-12	2e-12	2e-12	2e-12	2e-12
*19/*37	2e-12	2e-12	0.0	0.0	0.0	2e-10	2e-12	2e-12	2e-12	2.3333333333333334e-11
*19/*38	2e-12	2e-12	0.0	8e-10	0.0	0.0	2e-12	2e-12	2e-12	9e-11
*19/*39	2e-12	2e-12	0.0	2e-10	0.0	0.0	2e-12	2e-12	2e-12	2.3333333333333334e-11
*19/*3A	1.6e-08	2e-12	8.399999999999999e-09	5.999999999999999e-10	6.76e-08	8.339999999999999e-08	2.62e-08	2e-12	3.2e-09	2.2822666666666666e-08
*19/*3B	0.0	2e-12	3.4e-09	0.0	5.6e-09	4.799999999999999e-09	9.4e-09	2e-12	0.0	2.5782222222222217e-09
*19/*3C	4.8e-08	2e-12	2.24e-08	3.28e-08	9.799999999999998e-09	1.1599999999999998e-08	1.88e-08	2e-12	1.058e-07	2.7689333333333333e-08
*19/*4	2e-12	2e-12	0.0	0.0	2e-10	0.0	2e-12	2e-12	2e-12	2.3333333333333334e-11
*19/*40	2e-12	2e-12	0.0	0.0	2e-10	4e-10	2e-12	2e-12	2e-12	6.777777777777777e-11
*19/*41	2e-12	2e-12	2e-12	2e-12	2e-12	2e-12	2e-12	2e-12	2e-12	2e-12
*19/*42	2e-12	2e-12	2e-12	2e-12	2e-12	2e-12	2e-12	2e-12	2e-12	2e-12
*19/*43	2e-12	2e-12	2e-12	2e-12	2e-12	2e-12	2e-12	2e-12	2e-12	2e-12
*19/*44	2e-12	2e-12	2e-12	2e-12	2e-12	2e-12	2e-12	2e-12	2e-12	2e-12
*19/*5	2e-12	2e-12	2e-12	0.0	0.0	2e-12	2e-12	2e-12	2e-12	1.5555555555555554e-12
*19/*6	0.0	2e-12	0.0	4.4e-09	0.0	0.0	2e-12	2e-12	2e-12	4.897777777777776e-10
*19/*7	2e-12	2e-12	0.0	0.0	0.0	0.0	2e-12	2e-12	2e-12	1.111111111111111e-12
*19/*8	1.2999999999999999e-08	2e-12	2e-10	0.0	2e-10	2.3999999999999996e-09	2e-12	2e-12	4.8e-08	7.089555555555555e-09
*19/*9	2e-12	2e-12	0.0	0.0	1.1999999999999998e-09	2e-10	2e-12	2e-12	0.0	1.564444444444444e-10
*2/*2	2.809e-05	1e-12	4e-08	1e-08	4.409999999999999e-06	1.2250000000000001e-05	5.184e-05	1e-12	0.0	1.0737777999999999e-05
*2/*20	1.0599999999999999e-08	2e-12	0.0	0.0	4.2e-07	0.0	1.4399999999999998e-08	2e-12	0.0	4.944488888888889e-08
*2/*21	0.0	2e-12	0.0	0.0	4.2e-07	0.0	1.4399999999999998e-08	2e-12	0.0	4.826711111111111e-08
*2/*22	1.0599999999999999e-08	2e-12	4e-10	2e-10	0.0	7e-09	1.4399999999999998e-08	2e-12	0.0	3.6226666666666666e-09
*2/*23	1.0599999999999999e-08	2e-12	0.0	0.0	0.0	0.0	1.4399999999999998e-08	2e-12	0.0	2.778222222222222e-09
*2/*24	0.00034768	2e-12	0.0	0.0	0.0	7.7e-06	1.4399999999999998e-08	2e-12	0.0	3.948826711111111e-05
*2/*25	0.0	2e-12	4e-10	2e-10	4.2e-07	7e-09	1.4399999999999998e-08	2e-12	0.0	4.911155555555556e-08
*2/*26	1.0599999999999999e-08	2e-12	0.0	6e-08	0.0	0.0	1.4399999999999998e-08	2e-12	0.0	9.444888888888889e-09
*2/*27	1.0599999999999999e-08	2e-12	4e-10	2e-10	4.1999999999999996e-09	7e-09	1.4399999999999998e-08	2e-12	0.0	4.089333333333334e-09
*2/*28	1.0599999999999999e-08	2e-12	4e-10	2e-10	4.1999999999999996e-09	7e-09	1.4399999999999998e-08	2e-12	0.0	4.089333333333334e-09
*2/*29	1.0599999999999999e-08	2e-12	0.0	6e-08	0.0	0.0	1.4399999999999998e-08	2e-12	0.0	9.444888888888889e-09
*2/*30	1.0599999999999999e-08	2e-12	0.0	0.0	0.0	7.000000000000001e-07	1.4399999999999998e-08	2e-12	0.0	8.055600000000001e-08
*2/*31	1.0599999999999999e-08	2e-12	0.0	0.0	0.0	0.0	1.4399999999999998e-08	2e-12	0.0	2.778222222222222e-09
*2/*32	1.0599999999999999e-08	2e-12	0.0	0.0	0.0	0.0	1.4399999999999998e-08	2e-12	0.0	2.778222222222222e-09
*2/*33	1.0599999999999999e-08	2e-12	0.0	0.0	0.0	7.000000000000001e-07	1.4399999999999998e-08	2e-12	0.0	8.055600000000001e-08
*2/*34	0.0	2e-12	2.4e-07	0.0	0.0	0.0	1.4399999999999998e-08	2e-12	0.0	2.8267111111111112e-08
*2/*35	1.0599999999999999e-08	2e-12	4e-10	2e-10	4.1999999999999996e-09	7e-09	1.4399999999999998e-08	2e-12	0.0	4.089333333333334e-09
*2/*36	1.0599999999999999e-08	2e-12	4e-10	2e-10	4.1999999999999996e-09	7e-09	1.4399999999999998e-08	2e-12	0.0	4.089333333333334e-09
*2/*37	1.0599999999999999e-08	2e-12	0.0	0.0	0.0	7.000000000000001e-07	1.4399999999999998e-08	2e-12	0.0	8.055600000000001e-08
*2/*38	1.0599999999999999e-08	2e-12	0.0	8e-08	0.0	0.0	1.4399999999999998e-08	2e-12	0.0	1.1667111111111112e-08
*2/*39	1.0599999999999999e-08	2e-12	0.0	2e-08	0.0	0.0	1.4399999999999998e-08	2e-12	0.0	5.000444444444444e-09
*2/*3A	8.48e-05	2e-12	1.68e-06	6e-08	0.00014195999999999998	0.0002919	0.00018864	2e-12	0.0	7.878222266666666e-05
*2/*3B	0.0	2e-12	6.8e-07	0.0	1.176e-05	1.68e-05	6.768e-05	2e-12	0.0	1.0768889333333334e-05
*2/*3C	0.0002544	2e-12	4.48e-06	3.2800000000000004e-06	2.058e-05	4.06e-05	0.00013536	2e-12	0.0	5.0966667111111116e-05
*2/*4	1.0599999999999999e-08	2e-12	0.0	0.0	4.2e-07	0.0	1.4399999999999998e-08	2e-12	0.0	4.944488888888889e-08
*2/*40	1.0599999999999999e-08	2e-12	0.0	0.0	4.2e-07	1.4000000000000001e-06	1.4399999999999998e-08	2e-12	0.0	2.0500044444444448e-07
*2/*41	1.0599999999999999e-08	2e-12	4e-10	2e-10	4.1999999999999996e-09	7e-09	1.4399999999999998e-08	2e-12	0.0	4.089333333333334e-09
*2/*42	1.0599999999999999e-08	2e-12	4e-10	2e-10	4.1999999999999996e-09	7e-09	1.4399999999999998e-08	2e-12	0.0	4.089333333333334e-09
*2/*43	1.0599999999999999e-08	2e-12	4e-10	2e-10	4.1999999999999996e-09	7e-09	1.4399999999999998e-08	2e-12	0.0	4.089333333333334e-09
*2/*44	1.0599999999999999e-08	2e-12	4e-10	2e-10	4.1999999999999996e-09	7e-09	1.4399999999999998e-08	2e-12	0.0	4.089333333333334e-09
*2/*5	1.0599999999999999e-08	2e-12	4e-10	0.0	0.0	7e-09	1.4399999999999998e-08	2e-12	0.0	3.6004444444444443e-09
*2/*6	0.0	2e-12	0.0	4.4e-07	0.0	0.0	1.4399999999999998e-08	2e-12	0.0	5.048933333333334e-08
*2/*7	1.0599999999999999e-08	2e-12	0.0	0.0	0.0	0.0	1.4399999999999998e-08	2e-12	0.0	2.778222222222222e-09
*2/*8	6.89e-05	2e-12	4e-08	0.0	4.2e-07	8.4e-06	1.4399999999999998e-08	2e-12	0.0	8.641600444444446e-06
*2/*9	1.0599999999999999e-08	2e-12	0.0	0.0	2.5199999999999996e-06	7.000000000000001e-07	1.4399999999999998e-08	2e-12	0.0	3.6055599999999994e-07
*20/*20	1e-12	1e-12	0.0	0.0	1e-08	0.0	1e-12	1e-12	1e-12	1.1116666666666667e-09
*20/*21	0.0	2e-12	0.0	0.0	2e-08	0.0	2e-12	2e-12	2e-12	2.2231111111111107e-09
*20/*22	2e-12	2e-12	0.0	0.0	0.0	0.0	2e-12	2e-12	2e-12	1.111111111111111e-12
*20/*23	2e-12	2e-12	0.0	0.0	0.0	0.0	2e-12	2e-12	2e-12	1.111111111111111e-12
*20/*24	6.56e-08	2e-12	0.0	0.0	0.0	0.0	2e-12	2e-12	2e-12	7.289777777777779e-09
*20/*25	0.0	2e-12	0.0	0.0	2e-08	0.0	2e-12	2e-12	2e-12	2.2231111111111107e-09
*20/*26	2e-12	2e-12	0.0	0.0	0.0	0.0	2e-12	2e-12	2e-12	1.111111111111111e-12
*20/*27	2e-12	2e-12	0.0	0.0	2e-10	0.0	2e-12	2e-12	2e-12	2.3333333333333334e-11
*20/*28	2e-12	2e-12	0.0	0.0	2e-10	0.0	2e-12	2e-12	2e-12	2.3333333333333334e-11
*20/*29	2e-12	2e-12	0.0	0.0	0.0	0.0	2e-12	2e-12	2e-12	1.111111111111111e-12
*20/*30	2e-12	2e-12	0.0	0.0	0.0	0.0	2e-12	2e-12	2e-12	1.111111111111111e-12
*20/*31	2e-12	2e-12	0.0	0.0	0.0	0.0	2e-12	2e-12	2e-12	1.111111111111111e-12
*20/*32	2e-12	2e-12	0.0	0.0	0.0	0.0	2e-12	2e-12	2e-12	1.111111111111111e-12
*20/*33	2e-12	2e-12	0.0	0.0	0.0	0.0	2e-12	2e-12	2e-12	1.111111111111111e-12
*20/*34	0.0	2e-12	0.0	0.0	0.0	0.0	2e-12	2e-12	2e-12	8.888888888888889e-13
*20/*35	2e-12	2e-12	0.0	0.0	2e-10	0.0	2e-12	2e-12	2e-12	2.3333333333333334e-11
*20/*36	2e-12	2e-12	0.0	0.0	2e-10	0.0	2e-12	2e-12	2e-12	2.3333333333333334e-11
*20/*37	2e-12	2e-12	0.0	0.0	0.0	0.0	2e-12	2e-12	2e-12	1.111111111111111e-12
*20/*38	2e-12	2e-12	0.0	0.0	0.0	0.0	2e-12	2e-12	2e-12	1.111111111111111e-12
*20/*39	2e-12	2e-12	0.0	0.0	0.0	0.0	2e-12	2e-12	2e-12	1.111111111111111e-12
*20/*3A	1.6e-08	2e-12	0.0	0.0	6.76e-06	0.0	2.62e-08	2e-12	3.2e-09	7.561559999999999e-07
*20/*3B	0.0	2e-12	0.0	0.0	5.6e-07	0.0	9.4e-09	2e-12	0.0	6.32671111111111e-08
*20/*3C	4.8e-08	2e-12	0.0	0.0	9.8e-07	0.0	1.88e-08	2e-12	1.058e-07	1.280671111111111e-07
*20/*4	2e-12	2e-12	0.0	0.0	2e-08	0.0	2e-12	2e-12	2e-12	2.2233333333333333e-09
*20/*40	2e-12	2e-12	0.0	0.0	2e-08	0.0	2e-12	2e-12	2e-12	2.2233333333333333e-09
*20/*41	2e-12	2e-12	0.0	0.0	2e-10	0.0	2e-12	2e-12	2e-12	2.3333333333333334e-11
*20/*42	2e-12	2e-12	0.0	0.0	2e-10	0.0	2e-12	2e-12	2e-12	2.3333333333333334e-11
*20/*43	2e-12	2e-12	0.0	0.0	2e-10	0.0	2e-12	2e-12	2e-12	2.3333333333333334e-11
*20/*44	2e-12	2e-12	0.0	0.0	2e-10	0.0	2e-12	2e-12	2e-12	2.3333333333333334e-11
*20/*5	2e-12	2e-12	0.0	0.0	0.0	0.0	2e-12	2e-12	2e-12	1.111111111111111e-12
*20/*6	0.0	2e-12	0.0	0.0	0.0	0.0	2e-12	2e-12	2e-12	8.888888888888889e-13
*20/*7	2e-12	2e-12	0.0	0.0	0.0	0.0	2e-12	2e-12	2e-12	1.111111111111111e-12
*20/*8	1.2999999999999999e-08	2e-12	0.0	0.0	2e-08	0.0	2e-12	2e-12	4.8e-08	9.000666666666666e-09
*20/*9	2e-12	2e-12	0.0	0.0	1.2e-07	0.0	2e-12	2e-12	0.0	1.3334222222222222e-08
*21/*21	0.0	1e-12	0.0	0.0	1e-08	0.0	1e-12	1e-12	1e-12	1.1115555555555554e-09
*21/*22	0.0	2e-12	0.0	0.0	0.0	0.0	2e-12	2e-12	2e-12	8.888888888888889e-13
*21/*23	0.0	2e-12	0.0	0.0	0.0	0.0	2e-12	2e-12	2e-12	8.888888888888889e-13
*21/*24	0.0	2e-12	0.0	0.0	0.0	0.0	2e-12	2e-12	2e-12	8.888888888888889e-13
*21/*25	0.0	2e-12	0.0	0.0	2e-08	0.0	2e-12	2e-12	2e-12	2.2231111111111107e-09
*21/*26	0.0	2e-12	0.0	0.0	0.0	0.0	2e-12	2e-12	2e-12	8.888888888888889e-13
*21/*27	0.0	2e-12	0.0	0.0	2e-10	0.0	2e-12	2e-12	2e-12	2.311111111111111e-11
*21/*28	0.0	2e-12	0.0	0.0	2e-10	0.0	2e-12	2e-12	2e-12	2.311111111111111e-11
*21/*29	0.0	2e-12	0.0	0.0	0.0	0.0	2e-12	2e-12	2e-12	8.888888888888889e-13
*21/*30	0.0	2e-12	0.0	0.0	0.0	0.0	2e-12	2e-12	2e-12	8.888888888888889e-13
*21/*31	0.0	2e-12	0.0	0.0	0.0	0.0	2e-12	2e-12	2e-12	8.888888888888889e-13
*21/*32	0.0	2e-12	0.0	0.0	0.0	0.0	2e-12	2e-12	2e-12	8.888888888888889e-13
*21/*33	0.0	2e-12	0.0	0.0	0.0	0.0	2e-12	2e-12	2e-12	8.888888888888889e-13
*21/*34	0.0	2e-12	0.0	0.0	0.0	0.0	2e-12	2e-12	2e-12	8.888888888888889e-13
*21/*35	0.0	2e-12	0.0	0.0	2e-10	0.0	2e-12	2e-12	2e-12	2.311111111111111e-11
*21/*36	0.0	2e-12	0.0	0.0	2e-10	0.0	2e-12	2e-12	2e-12	2.311111111111111e-11
*21/*37	0.0	2e-12	0.0	0.0	0.0	0.0	2e-12	2e-12	2e-12	8.888888888888889e-13
*21/*38	0.0	2e-12	0.0	0.0	0.0	0.0	2e-12	2e-12	2e-12	8.888888888888889e-13
*21/*39	0.0	2e-12	0.0	0.0	0.0	0.0	2e-12	2e-12	2e-12	8.888888888888889e-13
*21/*3A	0.0	2e-12	0.0	0.0	6.76e-06	0.0	2.62e-08	2e-12	3.2e-09	7.543782222222221e-07
*21/*3B	0.0	2e-12	0.0	0.0	5.6e-07	0.0	9.4e-09	2e-12	0.0	6.32671111111111e-08
*21/*3C	0.0	2e-12	0.0	0.0	9.8e-07	0.0	1.88e-08	2e-12	1.058e-07	1.2273377777777776e-07
*21/*4	0.0	2e-12	0.0	0.0	2e-08	0.0	2e-12	2e-12	2e-12	2.2231111111111107e-09
*21/*40	0.0	2e-12	0.0	0.0	2e-08	0.0	2e-12	2e-12	2e-12	2.2231111111111107e-09
*21/*41	0.0	2e-12	0.0	0.0	2e-10	0.0	2e-12	2e-12	2e-12	2.311111111111111e-11
*21/*42	0.0	2e-12	0.0	0.0	2e-10	0.0	2e-12	2e-12	2e-12	2.311111111111111e-11
*21/*43	0.0	2e-12	0.0	0.0	2e-10	0.0	2e-12	2e-12	2e-12	2.311111111111111e-11
*21/*44	0.0	2e-12	0.0	0.0	2e-10	0.0	2e-12	2e-12	2e-12	2.311111111111111e-11
*21/*5	0.0	2e-12	0.0	0.0	0.0	0.0	2e-12	2e-12	2e-12	8.888888888888889e-13
*21/*6	0.0	2e-12	0.0	0.0	0.0	0.0	2e-12	2e-12	2e-12	8.888888888888889e-13
*21/*7	0.0	2e-12	0.0	0.0	0.0	0.0	2e-12	2e-12	2e-12	8.888888888888889e-13
*21/*8	0.0	2e-12	0.0	0.0	2e-08	0.0	2e-12	2e-12	4.8e-08	7.556222222222222e-09
*21/*9	0.0	2e-12	0.0	0.0	1.2e-07	0.0	2e-12	2e-12	0.0	1.3333999999999999e-08
*22/*22	1e-12	1e-12	1e-12	1e-12	0.0	1e-12	1e-12	1e-12	1e-12	8.888888888888889e-13
*22/*23	2e-12	2e-12	0.0	0.0	0.0	0.0	2e-12	2e-12	2e-12	1.111111111111111e-12
*22/*24	6.56e-08	2e-12	0.0	0.0	0.0	2.2e-09	2e-12	2e-12	2e-12	7.534222222222225e-09
*22/*25	0.0	2e-12	2e-12	2e-12	0.0	2e-12	2e-12	2e-12	2e-12	1.5555555555555554e-12
*22/*26	2e-12	2e-12	0.0	5.999999999999999e-10	0.0	0.0	2e-12	2e-12	2e-12	6.777777777777777e-11
*22/*27	2e-12	2e-12	2e-12	2e-12	0.0	2e-12	2e-12	2e-12	2e-12	1.7777777777777778e-12
*22/*28	2e-12	2e-12	2e-12	2e-12	0.0	2e-12	2e-12	2e-12	2e-12	1.7777777777777778e-12
*22/*29	2e-12	2e-12	0.0	5.999999999999999e-10	0.0	0.0	2e-12	2e-12	2e-12	6.777777777777777e-11
*22/*30	2e-12	2e-12	0.0	0.0	0.0	2e-10	2e-12	2e-12	2e-12	2.3333333333333334e-11
*22/*31	2e-12	2e-12	0.0	0.0	0.0	0.0	2e-12	2e-12	2e-12	1.111111111111111e-12
*22/*32	2e-12	2e-12	0.0	0.0	0.0	0.0	2e-12	2e-12	2e-12	1.111111111111111e-12
*22/*33	2e-12	2e-12	0.0	0.0	0.0	2e-10	2e-12	2e-12	2e-12	2.3333333333333334e-11
*22/*34	0.0	2e-12	1.1999999999999998e-09	0.0	0.0	0.0	2e-12	2e-12	2e-12	1.342222222222222e-10
*22/*35	2e-12	2e-12	2e-12	2e-12	0.0	2e-12	2e-12	2e-12	2e-12	1.7777777777777778e-12
*22/*36	2e-12	2e-12	2e-12	2e-12	0.0	2e-12	2e-12	2e-12	2e-12	1.7777777777777778e-12
*22/*37	2e-12	2e-12	0.0	0.0	0.0	2e-10	2e-12	2e-12	2e-12	2.3333333333333334e-11
*22/*38	2e-12	2e-12	0.0	8e-10	0.0	0.0	2e-12	2e-12	2e-12	9e-11
*22/*39	2e-12	2e-12	0.0	2e-10	0.0	0.0	2e-12	2e-12	2e-12	2.3333333333333334e-11
*22/*3A	1.6e-08	2e-12	8.399999999999999e-09	5.999999999999999e-10	0.0	8.339999999999999e-08	2.62e-08	2e-12	3.2e-09	1.5311555555555555e-08
*22/*3B	0.0	2e-12	3.4e-09	0.0	0.0	4.799999999999999e-09	9.4e-09	2e-12	0.0	1.956e-09
*22/*3C	4.8e-08	2e-12	2.24e-08	3.28e-08	0.0	1.1599999999999998e-08	1.88e-08	2e-12	1.058e-07	2.6600444444444443e-08
*22/*4	2e-12	2e-12	0.0	0.0	0.0	0.0	2e-12	2e-12	2e-12	1.111111111111111e-12
*22/*40	2e-12	2e-12	0.0	0.0	0.0	4e-10	2e-12	2e-12	2e-12	4.5555555555555555e-11
*22/*41	2e-12	2e-12	2e-12	2e-12	0.0	2e-12	2e-12	2e-12	2e-12	1.7777777777777778e-12
*22/*42	2e-12	2e-12	2e-12	2e-12	0.0	2e-12	2e-12	2e-12	2e-12	1.7777777777777778e-12
*22/*43	2e-12	2e-12	2e-12	2e-12	0.0	2e-12	2e-12	2e-12	2e-12	1.7777777777777778e-12
*22/*44	2e-12	2e-12	2e-12	2e-12	0.0	2e-12	2e-12	2e-12	2e-12	1.7777777777777778e-12
*22/*5	2e-12	2e-12	2e-12	0.0	0.0	2e-12	2e-12	2e-12	2e-12	1.5555555555555554e-12
*22/*6	0.0	2e-12	0.0	4.4e-09	0.0	0.0	2e-12	2e-12	2e-12	4.897777777777776e-10
*22/*7	2e-12	2e-12	0.0	0.0	0.0	0.0	2e-12	2e-12	2e-12	1.111111111111111e-12
*22/*8	1.2999999999999999e-08	2e-12	2e-10	0.0	0.0	2.3999999999999996e-09	2e-12	2e-12	4.8e-08	7.067333333333332e-09
*22/*9	2e-12	2e-12	0.0	0.0	0.0	2e-10	2e-12	2e-12	0.0	2.3111111111111113e-11
*23/*23	1e-12	1e-12	0.0	0.0	0.0	0.0	1e-12	1e-12	1e-12	5.555555555555555e-13
*23/*24	6.56e-08	2e-12	0.0	0.0	0.0	0.0	2e-12	2e-12	2e-12	7.289777777777779e-09
*23/*25	0.0	2e-12	0.0	0.0	0.0	0.0	2e-12	2e-12	2e-12	8.888888888888889e-13
*23/*26	2e-12	2e-12	0.0	0.0	0.0	0.0	2e-12	2e-12	2e-12	1.111111111111111e-12
*23/*27	2e-12	2e-12	0.0	0.0	0.0	0.0	2e-12	2e-12	2e-12	1.111111111111111e-12
*23/*28	2e-12	2e-12	0.0	0.0	0.0	0.0	2e-12	2e-12	2e-12	1.111111111111111e-12
*23/*29	2e-12	2e-12	0.0	0.0	0.0	0.0	2e-12	2e-12	2e-12	1.111111111111111e-12
*23/*30	2e-12	2e-12	0.0	0.0	0.0	0.0	2e-12	2e-12	2e-12	1.111111111111111e-12
*23/*31	2e-12	2e-12	0.0	0.0	0.0	0.0	2e-12	2e-12	2e-12	1.111111111111111e-12
*23/*32	2e-12	2e-12	0.0	0.0	0.0	0.0	2e-12	2e-12	2e-12	1.111111111111111e-12
*23/*33	2e-12	2e-12	0.0	0.0	0.0	0.0	2e-12	2e-12	2e-12	1.111111111111111e-12
*23/*34	0.0	2e-12	0.0	0.0	0.0	0.0	2e-12	2e-12	2e-12	8.888888888888889e-13
*23/*35	2e-12	2e-12	0.0	0.0	0.0	0.0	2e-12	2e-12	2e-12	1.111111111111111e-12
*23/*36	2e-12	2e-12	0.0	0.0	0.0	0.0	2e-12	2e-12	2e-12	1.111111111111111e-12
*23/*37	2e-12	2e-12	0.0	0.0	0.0	0.0	2e-12	2e-12	2e-12	1.111111111111111e-12
*23/*38	2e-12	2e-12	0.0	0.0	0.0	0.0	2e-12	2e-12	2e-12	1.111111111111111e-12
*23/*39	2e-12	2e-12	0.0	0.0	0.0	0.0	2e-12	2e-12	2e-12	1.111111111111111e-12
*23/*3A	1.6e-08	2e-12	0.0	0.0	0.0	0.0	2.62e-08	2e-12	3.2e-09	5.044888888888889e-09
*23/*3B	0.0	2e-12	0.0	0.0	0.0	0.0	9.4e-09	2e-12	0.0	1.044888888888889e-09
*23/*3C	4.8e-08	2e-12	0.0	0.0	0.0	0.0	1.88e-08	2e-12	1.058e-07	1.9178222222222223e-08
*23/*4	2e-12	2e-12	0.0	0.0	0.0	0.0	2e-12	2e-12	2e-12	1.111111111111111e-12
*23/*40	2e-12	2e-12	0.0	0.0	0.0	0.0	2e-12	2e-12	2e-12	1.111111111111111e-12
*23/*41	2e-12	2e-12	0.0	0.0	0.0	0.0	2e-12	2e-12	2e-12	1.111111111111111e-12
*23/*42	2e-12	2e-12	0.0	0.0	0.0	0.0	2e-12	2e-12	2e-12	1.111111111111111e-12
*23/*43	2e-12	2e-12	0.0	0.0	0.0	0.0	2e-12	2e-12	2e-12	1.111111111111111e-12
*23/*44	2e-12	2e-12	0.0	0.0	0.0	0.0	2e-12	2e-12	2e-12	1.111111111111111e-12
*23/*5	2e-12	2e-12	0.0	0.0	0.0	0.0	2e-12	2e-12	2e-12	1.111111111111111e-12
*23/*6	0.0	2e-12	0.0	0.0	0.0	0.0	2e-12	2e-12	2e-12	8.888888888888889e-13
*23/*7	2e-12	2e-12	0.0	0.0	0.0	0.0	2e-12	2e-12	2e-12	1.111111111111111e-12
*23/*8	1.2999999999999999e-08	2e-12	0.0	0.0	0.0	0.0	2e-12	2e-12	4.8e-08	6.778444444444444e-09
*23/*9	2e-12	2e-12	0.0	0.0	0.0	0.0	2e-12	2e-12	0.0	8.888888888888889e-13
*24/*24	0.0010758400000000002	1e-12	0.0	0.0	0.0	1.21e-06	1e-12	1e-12	1e-12	0.00011967222266666668
*24/*25	0.0	2e-12	0.0	0.0	0.0	2.2e-09	2e-12	2e-12	2e-12	2.453333333333334e-10
*24/*26	6.56e-08	2e-12	0.0	0.0	0.0	0.0	2e-12	2e-12	2e-12	7.289777777777779e-09
*24/*27	6.56e-08	2e-12	0.0	0.0	0.0	2.2e-09	2e-12	2e-12	2e-12	7.534222222222225e-09
*24/*28	6.56e-08	2e-12	0.0	0.0	0.0	2.2e-09	2e-12	2e-12	2e-12	7.534222222222225e-09
*24/*29	6.56e-08	2e-12	0.0	0.0	0.0	0.0	2e-12	2e-12	2e-12	7.289777777777779e-09
*24/*30	6.56e-08	2e-12	0.0	0.0	0.0	2.2e-07	2e-12	2e-12	2e-12	3.1734222222222227e-08
*24/*31	6.56e-08	2e-12	0.0	0.0	0.0	0.0	2e-12	2e-12	2e-12	7.289777777777779e-09
*24/*32	6.56e-08	2e-12	0.0	0.0	0.0	0.0	2e-12	2e-12	2e-12	7.289777777777779e-09
*24/*33	6.56e-08	2e-12	0.0	0.0	0.0	2.2e-07	2e-12	2e-12	2e-12	3.1734222222222227e-08
*24/*34	0.0	2e-12	0.0	0.0	0.0	0.0	2e-12	2e-12	2e-12	8.888888888888889e-13
*24/*35	6.56e-08	2e-12	0.0	0.0	0.0	2.2e-09	2e-12	2e-12	2e-12	7.534222222222225e-09
*24/*36	6.56e-08	2e-12	0.0	0.0	0.0	2.2e-09	2e-12	2e-12	2e-12	7.534222222222225e-09
*24/*37	6.56e-08	2e-12	0.0	0.0	0.0	2.2e-07	2e-12	2e-12	2e-12	3.1734222222222227e-08
*24/*38	6.56e-08	2e-12	0.0	0.0	0.0	0.0	2e-12	2e-12	2e-12	7.289777777777779e-09
*24/*39	6.56e-08	2e-12	0.0	0.0	0.0	0.0	2e-12	2e-12	2e-12	7.289777777777779e-09
*24/*3A	0.0005248000000000001	2e-12	0.0	0.0	0.0	9.174000000000001e-05	2.62e-08	2e-12	3.2e-09	6.850771155555557e-05
*24/*3B	0.0	2e-12	0.0	0.0	0.0	5.28e-06	9.4e-09	2e-12	0.0	5.877115555555556e-07
*24/*3C	0.0015744	2e-12	0.0	0.0	0.0	1.276e-05	1.88e-08	2e-12	1.058e-07	0.000176364956
*24/*4	6.56e-08	2e-12	0.0	0.0	0.0	0.0	2e-12	2e-12	2e-12	7.289777777777779e-09
*24/*40	6.56e-08	2e-12	0.0	0.0	0.0	4.4e-07	2e-12	2e-12	2e-12	5.6178666666666654e-08
*24/*41	6.56e-08	2e-12	0.0	0.0	0.0	2.2e-09	2e-12	2e-12	2e-12	7.534222222222225e-09
*24/*42	6.56e-08	2e-12	0.0	0.0	0.0	2.2e-09	2e-12	2e-12	2e-12	7.534222222222225e-09
*24/*43	6.56e-08	2e-12	0.0	0.0	0.0	2.2e-09	2e-12	2e-12	2e-12	7.534222222222225e-09
*24/*44	6.56e-08	2e-12	0.0	0.0	0.0	2.2e-09	2e-12	2e-12	2e-12	7.534222222222225e-09
*24/*5	6.56e-08	2e-12	0.0	0.0	0.0	2.2e-09	2e-12	2e-12	2e-12	7.534222222222225e-09
*24/*6	0.0	2e-12	0.0	0.0	0.0	0.0	2e-12	2e-12	2e-12	8.888888888888889e-13
*24/*7	6.56e-08	2e-12	0.0	0.0	0.0	0.0	2e-12	2e-12	2e-12	7.289777777777779e-09
*24/*8	0.0004264	2e-12	0.0	0.0	0.0	2.64e-06	2e-12	2e-12	4.8e-08	4.7676445111111105e-05
*24/*9	6.56e-08	2e-12	0.0	0.0	0.0	2.2e-07	2e-12	2e-12	0.0	3.1734000000000005e-08
*25/*25	0.0	1e-12	1e-12	1e-12	1e-08	1e-12	1e-12	1e-12	1e-12	1.1118888888888886e-09
*25/*26	0.0	2e-12	0.0	5.999999999999999e-10	0.0	0.0	2e-12	2e-12	2e-12	6.755555555555554e-11
*25/*27	0.0	2e-12	2e-12	2e-12	2e-10	2e-12	2e-12	2e-12	2e-12	2.3777777777777778e-11
*25/*28	0.0	2e-12	2e-12	2e-12	2e-10	2e-12	2e-12	2e-12	2e-12	2.3777777777777778e-11
*25/*29	0.0	2e-12	0.0	5.999999999999999e-10	0.0	0.0	2e-12	2e-12	2e-12	6.755555555555554e-11
*25/*30	0.0	2e-12	0.0	0.0	0.0	2e-10	2e-12	2e-12	2e-12	2.311111111111111e-11
*25/*31	0.0	2e-12	0.0	0.0	0.0	0.0	2e-12	2e-12	2e-12	8.888888888888889e-13
*25/*32	0.0	2e-12	0.0	0.0	0.0	0.0	2e-12	2e-12	2e-12	8.888888888888889e-13
*25/*33	0.0	2e-12	0.0	0.0	0.0	2e-10	2e-12	2e-12	2e-12	2.311111111111111e-11
*25/*34	0.0	2e-12	1.1999999999999998e-09	0.0	0.0	0.0	2e-12	2e-12	2e-12	1.342222222222222e-10
*25/*35	0.0	2e-12	2e-12	2e-12	2e-10	2e-12	2e-12	2e-12	2e-12	2.3777777777777778e-11
*25/*36	0.0	2e-12	2e-12	2e-12	2e-10	2e-12	2e-12	2e-12	2e-12	2.3777777777777778e-11
*25/*37	0.0	2e-12	0.0	0.0	0.0	2e-10	2e-12	2e-12	2e-12	2.311111111111111e-11
*25/*38	0.0	2e-12	0.0	8e-10	0.0	0.0	2e-12	2e-12	2e-12	8.977777777777778e-11
*25/*39	0.0	2e-12	0.0	2e-10	0.0	0.0	2e-12	2e-12	2e-12	2.311111111111111e-11
*25/*3A	0.0	2e-12	8.399999999999999e-09	5.999999999999999e-10	6.76e-06	8.339999999999999e-08	2.62e-08	2e-12	3.2e-09	7.646448888888888e-07
*25/*3B	0.0	2e-12	3.4e-09	0.0	5.6e-07	4.799999999999999e-09	9.4e-09	2e-12	0.0	6.417822222222222e-08
*25/*3C	0.0	2e-12	2.24e-08	3.28e-08	9.8e-07	1.1599999999999998e-08	1.88e-08	2e-12	1.058e-07	1.30156e-07
*25/*4	0.0	2e-12	0.0	0.0	2e-08	0.0	2e-12	2e-12	2e-12	2.2231111111111107e-09
*25/*40	0.0	2e-12	0.0	0.0	2e-08	4e-10	2e-12	2e-12	2e-12	2.2675555555555553e-09
*25/*41	0.0	2e-12	2e-12	2e-12	2e-10	2e-12	2e-12	2e-12	2e-12	2.3777777777777778e-11
*25/*42	0.0	2e-12	2e-12	2e-12	2e-10	2e-12	2e-12	2e-12	2e-12	2.3777777777777778e-11
*25/*43	0.0	2e-12	2e-12	2e-12	2e-10	2e-12	2e-12	2e-12	2e-12	2.3777777777777778e-11
*25/*44	0.0	2e-12	2e-12	2e-12	2e-10	2e-12	2e-12	2e-12	2e-12	2.3777777777777778e-11
*25/*5	0.0	2e-12	2e-12	0.0	0.0	2e-12	2e-12	2e-12	2e-12	1.3333333333333332e-12
*25/*6	0.0	2e-12	0.0	4.4e-09	0.0	0.0	2e-12	2e-12	2e-12	4.897777777777776e-10
*25/*7	0.0	2e-12	0.0	0.0	0.0	0.0	2e-12	2e-12	2e-12	8.888888888888889e-13
*25/*8	0.0	2e-12	2e-10	0.0	2e-08	2.3999999999999996e-09	2e-12	2e-12	4.8e-08	7.84511111111111e-09
*25/*9	0.0	2e-12	0.0	0.0	1.2e-07	2e-10	2e-12	2e-12	0.0	1.335622222222222e-08
*26/*26	1e-12	1e-12	0.0	8.999999999999999e-08	0.0	0.0	1e-12	1e-12	1e-12	1.0000555555555555e-08
*26/*27	2e-12	2e-12	0.0	5.999999999999999e-10	0.0	0.0	2e-12	2e-12	2e-12	6.777777777777777e-11
*26/*28	2e-12	2e-12	0.0	5.999999999999999e-10	0.0	0.0	2e-12	2e-12	2e-12	6.777777777777777e-11
*26/*29	2e-12	2e-12	0.0	1.7999999999999997e-07	0.0	0.0	2e-12	2e-12	2e-12	2.000111111111111e-08
*26/*30	2e-12	2e-12	0.0	0.0	0.0	0.0	2e-12	2e-12	2e-12	1.111111111111111e-12
*26/*31	2e-12	2e-12	0.0	0.0	0.0	0.0	2e-12	2e-12	2e-12	1.111111111111111e-12
*26/*32	2e-12	2e-12	0.0	0.0	0.0	0.0	2e-12	2e-12	2e-12	1.111111111111111e-12
*26/*33	2e-12	2e-12	0.0	0.0	0.0	0.0	2e-12	2e-12	2e-12	1.111111111111111e-12
*26/*34	0.0	2e-12	0.0	0.0	0.0	0.0	2e-12	2e-12	2e-12	8.888888888888889e-13
*26/*35	2e-12	2e-12	0.0	5.999999999999999e-10	0.0	0.0	2e-12	2e-12	2e-12	6.777777777777777e-11
*26/*36	2e-12	2e-12	0.0	5.999999999999999e-10	0.0	0.0	2e-12	2e-12	2e-12	6.777777777777777e-11
*26/*37	2e-12	2e-12	0.0	0.0	0.0	0.0	2e-12	2e-12	2e-12	1.111111111111111e-12
*26/*38	2e-12	2e-12	0.0	2.4e-07	0.0	0.0	2e-12	2e-12	2e-12	2.6667777777777776e-08
*26/*39	2e-12	2e-12	0.0	6e-08	0.0	0.0	2e-12	2e-12	2e-12	6.667777777777779e-09
*26/*3A	1.6e-08	2e-12	0.0	1.7999999999999997e-07	0.0	0.0	2.62e-08	2e-12	3.2e-09	2.5044888888888886e-08
*26/*3B	0.0	2e-12	0.0	0.0	0.0	0.0	9.4e-09	2e-12	0.0	1.044888888888889e-09
*26/*3C	4.8e-08	2e-12	0.0	9.84e-06	0.0	0.0	1.88e-08	2e-12	1.058e-07	1.1125115555555558e-06
*26/*4	2e-12	2e-12	0.0	0.0	0.0	0.0	2e-12	2e-12	2e-12	1.111111111111111e-12
*26/*40	2e-12	2e-12	0.0	0.0	0.0	0.0	2e-12	2e-12	2e-12	1.111111111111111e-12
*26/*41	2e-12	2e-12	0.0	5.999999999999999e-10	0.0	0.0	2e-12	2e-12	2e-12	6.777777777777777e-11
*26/*42	2e-12	2e-12	0.0	5.999999999999999e-10	0.0	0.0	2e-12	2e-12	2e-12	6.777777777777777e-11
*26/*43	2e-12	2e-12	0.0	5.999999999999999e-10	0.0	0.0	2e-12	2e-12	2e-12	6.777777777777777e-11
*26/*44	2e-12	2e-12	0.0	5.999999999999999e-10	0.0	0.0	2e-12	2e-12	2e-12	6.777777777777777e-11
*26/*5	2e-12	2e-12	0.0	0.0	0.0	0.0	2e-12	2e-12	2e-12	1.111111111111111e-12
*26/*6	0.0	2e-12	0.0	1.32e-06	0.0	0.0	2e-12	2e-12	2e-12	1.466675555555556e-07
*26/*7	2e-12	2e-12	0.0	0.0	0.0	0.0	2e-12	2e-12	2e-12	1.111111111111111e-12
*26/*8	1.2999999999999999e-08	2e-12	0.0	0.0	0.0	0.0	2e-12	2e-12	4.8e-08	6.778444444444444e-09
*26/*9	2e-12	2e-12	0.0	0.0	0.0	0.0	2e-12	2e-12	0.0	8.888888888888889e-13
*27/*27	1e-12	1e-12	1e-12	1e-12	1e-12	1e-12	1e-12	1e-12	1e-12	1e-12
*27/*28	2e-12	2e-12	2e-12	2e-12	2e-12	2e-12	2e-12	2e-12	2e-12	2e-12
*27/*29	2e-12	2e-12	0.0	5.999999999999999e-10	0.0	0.0	2e-12	2e-12	2e-12	6.777777777777777e-11
*27/*30	2e-12	2e-12	0.0	0.0	0.0	2e-10	2e-12	2e-12	2e-12	2.3333333333333334e-11
*27/*31	2e-12	2e-12	0.0	0.0	0.0	0.0	2e-12	2e-12	2e-12	1.111111111111111e-12
*27/*32	2e-12	2e-12	0.0	0.0	0.0	0.0	2e-12	2e-12	2e-12	1.111111111111111e-12
*27/*33	2e-12	2e-12	0.0	0.0	0.0	2e-10	2e-12	2e-12	2e-12	2.3333333333333334e-11
*27/*34	0.0	2e-12	1.1999999999999998e-09	0.0	0.0	0.0	2e-12	2e-12	2e-12	1.342222222222222e-10
*27/*35	2e-12	2e-12	2e-12	2e-12	2e-12	2e-12	2e-12	2e-12	2e-12	2e-12
*27/*36	2e-12	2e-12	2e-12	2e-12	2e-12	2e-12	2e-12	2e-12	2e-12	2e-12
*27/*37	2e-12	2e-12	0.0	0.0	0.0	2e-10	2e-12	2e-12	2e-12	2.3333333333333334e-11
*27/*38	2e-12	2e-12	0.0	8e-10	0.0	0.0	2e-12	2e-12	2e-12	9e-11
*27/*39	2e-12	2e-12	0.0	2e-10	0.0	0.0	2e-12	2e-12	2e-12	2.3333333333333334e-11
*27/*3A	1.6e-08	2e-12	8.399999999999999e-09	5.999999999999999e-10	6.76e-08	8.339999999999999e-08	2.62e-08	2e-12	3.2e-09	2.2822666666666666e-08
*27/*3B	0.0	2e-12	3.4e-09	0.0	5.6e-09	4.799999999999999e-09	9.4e-09	2e-12	0.0	2.5782222222222217e-09
*27/*3C	4.8e-08	2e-12	2.24e-08	3.28e-08	9.799999999999998e-09	1.1599999999999998e-08	1.88e-08	2e-12	1.058e-07	2.7689333333333333e-08
*27/*4	2e-12	2e-12	0.0	0.0	2e-10	0.0	2e-12	2e-12	2e-12	2.3333333333333334e-11
*27/*40	2e-12	2e-12	0.0	0.0	2e-10	4e-10	2e-12	2e-12	2e-12	6.777777777777777e-11
*27/*41	2e-12	2e-12	2e-12	2e-12	2e-12	2e-12	2e-12	2e-12	2e-12	2e-12
*27/*42	2e-12	2e-12	2e-12	2e-12	2e-12	2e-12	2e-12	2e-12	2e-12	2e-12
*27/*43	2e-12	2e-12	2e-12	2e-12	2e-12	2e-12	2e-12	2e-12	2e-12	2e-12
*27/*44	2e-12	2e-12	2e-12	2e-12	2e-12	2e-12	2e-12	2e-12	2e-12	2e-12
*27/*5	2e-12	2e-12	2e-12	0.0	0.0	2e-12	2e-12	2e-12	2e-12	1.5555555555555554e-12
*27/*6	0.0	2e-12	0.0	4.4e-09	0.0	0.0	2e-12	2e-12	2e-12	4.897777777777776e-10
*27/*7	2e-12	2e-12	0.0	0.0	0.0	0.0	2e-12	2e-12	2e-12	1.111111111111111e-12
*27/*8	1.2999999999999999e-08	2e-12	2e-10	0.0	2e-10	2.3999999999999996e-09	2e-12	2e-12	4.8e-08	7.089555555555555e-09
*27/*9	2e-12	2e-12	0.0	0.0	1.1999999999999998e-09	2e-10	2e-12	2e-12	0.0	1.564444444444444e-10
*28/*28	1e-12	1e-12	1e-12	1e-12	1e-12	1e-12	1e-12	1e-12	1e-12	1e-12
*28/*29	2e-12	2e-12	0.0	5.999999999999999e-10	0.0	0.0	2e-12	2e-12	2e-12	6.777777777777777e-11
*28/*30	2e-12	2e-12	0.0	0.0	0.0	2e-10	2e-12	2e-12	2e-12	2.3333333333333334e-11
*28/*31	2e-12	2e-12	0.0	0.0	0.0	0.0	2e-12	2e-12	2e-12	1.111111111111111e-12
*28/*32	2e-12	2e-12	0.0	0.0	0.0	0.0	2e-12	2e-12	2e-12	1.111111111111111e-12
*28/*33	2e-12	2e-12	0.0	0.0	0.0	2e-10	2e-12	2e-12	2e-12	2.3333333333333334e-11
*28/*34	0.0	2e-12	1.1999999999999998e-09	0.0	0.0	0.0	2e-12	2e-12	2e-12	1.342222222222222e-10
*28/*35	2e-12	2e-12	2e-12	2e-12	2e-12	2e-12	2e-12	2e-12	2e-12	2e-12
*28/*36	2e-12	2e-12	2e-12	2e-12	2e-12	2e-12	2e-12	2e-12	2e-12	2e-12
*28/*37	2e-12	2e-12	0.0	0.0	0.0	2e-10	2e-12	2e-12	2e-12	2.3333333333333334e-11
*28/*38	2e-12	2e-12	0.0	8e-10	0.0	0.0	2e-12	2e-12	2e-12	9e-11
*28/*39	2e-12	2e-12	0.0	2e-10	0.0	0.0	2e-12	2e-12	2e-12	2.3333333333333334e-11
*28/*3A	1.6e-08	2e-12	8.399999999999999e-09	5.999999999999999e-10	6.76e-08	8.339999999999999e-08	2.62e-08	2e-12	3.2e-09	2.2822666666666666e-08
*28/*3B	0.0	2e-12	3.4e-09	0.0	5.6e-09	4.799999999999999e-09	9.4e-09	2e-12	0.0	2.5782222222222217e-09
*28/*3C	4.8e-08	2e-12	2.24e-08	3.28e-08	9.799999999999998e-09	1.1599999999999998e-08	1.88e-08	2e-12	1.058e-07	2.7689333333333333e-08
*28/*4	2e-12	2e-12	0.0	0.0	2e-10	0.0	2e-12	2e-12	2e-12	2.3333333333333334e-11
*28/*40	2e-12	2e-12	0.0	0.0	2e-10	4e-10	2e-12	2e-12	2e-12	6.777777777777777e-11
*28/*41	2e-12	2e-12	2e-12	2e-12	2e-12	2e-12	2e-12	2e-12	2e-12	2e-12
*28/*42	2e-12	2e-12	2e-12	2e-12	2e-12	2e-12	2e-12	2e-12	2e-12	2e-12
*28/*43	2e-12	2e-12	2e-12	2e-12	2e-12	2e-12	2e-12	2e-12	2e-12	2e-12
*28/*44	2e-12	2e-12	2e-12	2e-12	2e-12	2e-12	2e-12	2e-12	2e-12	2e-12
*28/*5	2e-12	2e-12	2e-12	0.0	0.0	2e-12	2e-12	2e-12	2e-12	1.5555555555555554e-12
*28/*6	0.0	2e-12	0.0	4.4e-09	0.0	0.0	2e-12	2e-12	2e-12	4.897777777777776e-10
*28/*7	2e-12	2e-12	0.0	0.0	0.0	0.0	2e-12	2e-12	2e-12	1.111111111111111e-12
*28/*8	1.2999999999999999e-08	2e-12	2e-10	0.0	2e-10	2.3999999999999996e-09	2e-12	2e-12	4.8e-08	7.089555555555555e-09
*28/*9	2e-12	2e-12	0.0	0.0	1.1999999999999998e-09	2e-10	2e-12	2e-12	0.0	1.564444444444444e-10
*29/*29	1e-12	1e-12	0.0	8.999999999999999e-08	0.0	0.0	1e-12	1e-12	1e-12	1.0000555555555555e-08
*29/*30	2e-12	2e-12	0.0	0.0	0.0	0.0	2e-12	2e-12	2e-12	1.111111111111111e-12
*29/*31	2e-12	2e-12	0.0	0.0	0.0	0.0	2e-12	2e-12	2e-12	1.111111111111111e-12
*29/*32	2e-12	2e-12	0.0	0.0	0.0	0.0	2e-12	2e-12	2e-12	1.111111111111111e-12
*29/*33	2e-12	2e-12	0.0	0.0	0.0	0.0	2e-12	2e-12	2e-12	1.111111111111111e-12
*29/*34	0.0	2e-12	0.0	0.0	0.0	0.0	2e-12	2e-12	2e-12	8.888888888888889e-13
*29/*35	2e-12	2e-12	0.0	5.999999999999999e-10	0.0	0.0	2e-12	2e-12	2e-12	6.777777777777777e-11
*29/*36	2e-12	2e-12	0.0	5.999999999999999e-10	0.0	0.0	2e-12	2e-12	2e-12	6.777777777777777e-11
*29/*37	2e-12	2e-12	0.0	0.0	0.0	0.0	2e-12	2e-12	2e-12	1.111111111111111e-12
*29/*38	2e-12	2e-12	0.0	2.4e-07	0.0	0.0	2e-12	2e-12	2e-12	2.6667777777777776e-08
*29/*39	2e-12	2e-12	0.0	6e-08	0.0	0.0	2e-12	2e-12	2e-12	6.667777777777779e-09
*29/*3A	1.6e-08	2e-12	0.0	1.7999999999999997e-07	0.0	0.0	2.62e-08	2e-12	3.2e-09	2.5044888888888886e-08
*29/*3B	0.0	2e-12	0.0	0.0	0.0	0.0	9.4e-09	2e-12	0.0	1.044888888888889e-09
*29/*3C	4.8e-08	2e-12	0.0	9.84e-06	0.0	0.0	1.88e-08	2e-12	1.058e-07	1.1125115555555558e-06
*29/*4	2e-12	2e-12	0.0	0.0	0.0	0.0	2e-12	2e-12	2e-12	1.111111111111111e-12
*29/*40	2e-12	2e-12	0.0	0.0	0.0	0.0	2e-12	2e-12	2e-12	1.111111111111111e-12
*29/*41	2e-12	2e-12	0.0	5.999999999999999e-10	0.0	0.0	2e-12	2e-12	2e-12	6.777777777777777e-11
*29/*42	2e-12	2e-12	0.0	5.999999999999999e-10	0.0	0.0	2e-12	2e-12	2e-12	6.777777777777777e-11
*29/*43	2e-12	2e-12	0.0	5.999999999999999e-10	0.0	0.0	2e-12	2e-12	2e-12	6.777777777777777e-11
*29/*44	2e-12	2e-12	0.0	5.999999999999999e-10	0.0	0.0	2e-12	2e-12	2e-12	6.777777777777777e-11
*29/*5	2e-12	2e-12	0.0	0.0	0.0	0.0	2e-12	2e-12	2e-12	1.111111111111111e-12
*29/*6	0.0	2e-12	0.0	1.32e-06	0.0	0.0	2e-12	2e-12	2e-12	1.466675555555556e-07
*29/*7	2e-12	2e-12	0.0	0.0	0.0	0.0	2e-12	2e-12	2e-12	1.111111111111111e-12
*29/*8	1.2999999999999999e-08	2e-12	0.0	0.0	0.0	0.0	2e-12	2e-12	4.8e-08	6.778444444444444e-09
*29/*9	2e-12	2e-12	0.0	0.0	0.0	0.0	2e-12	2e-12	0.0	8.888888888888889e-13
*30/*30	1e-12	1e-12	0.0	0.0	0.0	1e-08	1e-12	1e-12	1e-12	1.1116666666666667e-09
*30/*31	2e-12	2e-12	0.0	0.0	0.0	0.0	2e-12	2e-12	2e-12	1.111111111111111e-12
*30/*32	2e-12	2e-12	0.0	0.0	0.0	0.0	2e-12	2e-12	2e-12	1.111111111111111e-12
*30/*33	2e-12	2e-12	0.0	0.0	0.0	2e-08	2e-12	2e-12	2e-12	2.2233333333333333e-09
*30/*34	0.0	2e-12	0.0	0.0	0.0	0.0	2e-12	2e-12	2e-12	8.888888888888889e-13
*30/*35	2e-12	2e-12	0.0	0.0	0.0	2e-10	2e-12	2e-12	2e-12	2.3333333333333334e-11
*30/*36	2e-12	2e-12	0.0	0.0	0.0	2e-10	2e-12	2e-12	2e-12	2.3333333333333334e-11
*30/*37	2e-12	2e-12	0.0	0.0	0.0	2e-08	2e-12	2e-12	2e-12	2.2233333333333333e-09
*30/*38	2e-12	2e-12	0.0	0.0	0.0	0.0	2e-12	2e-12	2e-12	1.111111111111111e-12
*30/*39	2e-12	2e-12	0.0	0.0	0.0	0.0	2e-12	2e-12	2e-12	1.111111111111111e-12
*30/*3A	1.6e-08	2e-12	0.0	0.0	0.0	8.34e-06	2.62e-08	2e-12	3.2e-09	9.317115555555556e-07
*30/*3B	0.0	2e-12	0.0	0.0	0.0	4.8e-07	9.4e-09	2e-12	0.0	5.43782222222222e-08
*30/*3C	4.8e-08	2e-12	0.0	0.0	0.0	1.16e-06	1.88e-08	2e-12	1.058e-07	1.4806711111111109e-07
*30/*4	2e-12	2e-12	0.0	0.0	0.0	0.0	2e-12	2e-12	2e-12	1.111111111111111e-12
*30/*40	2e-12	2e-12	0.0	0.0	0.0	4e-08	2e-12	2e-12	2e-12	4.445555555555556e-09
*30/*41	2e-12	2e-12	0.0	0.0	0.0	2e-10	2e-12	2e-12	2e-12	2.3333333333333334e-11
*30/*42	2e-12	2e-12	0.0	0.0	0.0	2e-10	2e-12	2e-12	2e-12	2.3333333333333334e-11
*30/*43	2e-12	2e-12	0.0	0.0	0.0	2e-10	2e-12	2e-12	2e-12	2.3333333333333334e-11
*30/*44	2e-12	2e-12	0.0	0.0	0.0	2e-10	2e-12	2e-12	2e-12	2.3333333333333334e-11
*30/*5	2e-12	2e-12	0.0	0.0	0.0	2e-10	2e-12	2e-12	2e-12	2.3333333333333334e-11
*30/*6	0.0	2e-12	0.0	0.0	0.0	0.0	2e-12	2e-12	2e-12	8.888888888888889e-13
*30/*7	2e-12	2e-12	0.0	0.0	0.0	0.0	2e-12	2e-12	2e-12	1.111111111111111e-12
*30/*8	1.2999999999999999e-08	2e-12	0.0	0.0	0.0	2.4e-07	2e-12	2e-12	4.8e-08	3.3445111111111114e-08
*30/*9	2e-12	2e-12	0.0	0.0	0.0	2e-08	2e-12	2e-12	0.0	2.223111111111111e-09
*31/*31	1e-12	1e-12	0.0	0.0	0.0	0.0	1e-12	1e-12	1e-12	5.555555555555555e-13
*31/*32	2e-12	2e-12	0.0	0.0	0.0	0.0	2e-12	2e-12	2e-12	1.111111111111111e-12
*31/*33	2e-12	2e-12	0.0	0.0	0.0	0.0	2e-12	2e-12	2e-12	1.111111111111111e-12
*31/*34	0.0	2e-12	0.0	0.0	0.0	0.0	2e-12	2e-12	2e-12	8.888888888888889e-13
*31/*35	2e-12	2e-12	0.0	0.0	0.0	0.0	2e-12	2e-12	2e-12	1.111111111111111e-12
*31/*36	2e-12	2e-12	0.0	0.0	0.0	0.0	2e-12	2e-12	2e-12	1.111111111111111e-12
*31/*37	2e-12	2e-12	0.0	0.0	0.0	0.0	2e-12	2e-12	2e-12	1.111111111111111e-12
*31/*38	2e-12	2e-12	0.0	0.0	0.0	0.0	2e-12	2e-12	2e-12	1.111111111111111e-12
*31/*39	2e-12	2e-12	0.0	0.0	0.0	0.0	2e-12	2e-12	2e-12	1.111111111111111e-12
*31/*3A	1.6e-08	2e-12	0.0	0.0	0.0	0.0	2.62e-08	2e-12	3.2e-09	5.044888888888889e-09
*31/*3B	0.0	2e-12	0.0	0.0	0.0	0.0	9.4e-09	2e-12	0.0	1.044888888888889e-09
*31/*3C	4.8e-08	2e-12	0.0	0.0	0.0	0.0	1.88e-08	2e-12	1.058e-07	1.9178222222222223e-08
*31/*4	2e-12	2e-12	0.0	0.0	0.0	0.0	2e-12	2e-12	2e-12	1.111111111111111e-12
*31/*40	2e-12	2e-12	0.0	0.0	0.0	0.0	2e-12	2e-12	2e-12	1.111111111111111e-12
*31/*41	2e-12	2e-12	0.0	0.0	0.0	0.0	2e-12	2e-12	2e-12	1.111111111111111e-12
*31/*42	2e-12	2e-12	0.0	0.0	0.0	0.0	2e-12	2e-12	2e-12	1.111111111111111e-12
*31/*43	2e-12	2e-12	0.0	0.0	0.0	0.0	2e-12	2e-12	2e-12	1.111111111111111e-12
*31/*44	2e-12	2e-12	0.0	0.0	0.0	0.0	2e-12	2e-12	2e-12	1.111111111111111e-12
*31/*5	2e-12	2e-12	0.0	0.0	0.0	0.0	2e-12	2e-12	2e-12	1.111111111111111e-12
*31/*6	0.0	2e-12	0.0	0.0	0.0	0.0	2e-12	2e-12	2e-12	8.888888888888889e-13
*31/*7	2e-12	2e-12	0.0	0.0	0.0	0.0	2e-12	2e-12	2e-12	1.111111111111111e-12
*31/*8	1.2999999999999999e-08	2e-12	0.0	0.0	0.0	0.0	2e-12	2e-12	4.8e-08	6.778444444444444e-09
*31/*9	2e-12	2e-12	0.0	0.0	0.0	0.0	2e-12	2e-12	0.0	8.888888888888889e-13
*32/*32	1e-12	1e-12	0.0	0.0	0.0	0.0	1e-12	1e-12	1e-12	5.555555555555555e-13
*32/*33	2e-12	2e-12	0.0	0.0	0.0	0.0	2e-12	2e-12	2e-12	1.111111111111111e-12
*32/*34	0.0	2e-12	0.0	0.0	0.0	0.0	2e-12	2e-12	2e-12	8.888888888888889e-13
*32/*35	2e-12	2e-12	0.0	0.0	0.0	0.0	2e-12	2e-12	2e-12	1.111111111111111e-12
*32/*36	2e-12	2e-12	0.0	0.0	0.0	0.0	2e-12	2e-12	2e-12	1.111111111111111e-12
*32/*37	2e-12	2e-12	0.0	0.0	0.0	0.0	2e-12	2e-12	2e-12	1.111111111111111e-12
*32/*38	2e-12	2e-12	0.0	0.0	0.0	0.0	2e-12	2e-12	2e-12	1.111111111111111e-12
*32/*39	2e-12	2e-12	0.0	0.0	0.0	0.0	2e-12	2e-12	2e-12	1.111111111111111e-12
*32/*3A	1.6e-08	2e-12	0.0	0.0	0.0	0.0	2.62e-08	2e-12	3.2e-09	5.044888888888889e-09
*32/*3B	0.0	2e-12	0.0	0.0	0.0	0.0	9.4e-09	2e-12	0.0	1.044888888888889e-09
*32/*3C	4.8e-08	2e-12	0.0	0.0	0.0	0.0	1.88e-08	2e-12	1.058e-07	1.9178222222222223e-08
*32/*4	2e-12	2e-12	0.0	0.0	0.0	0.0	2e-12	2e-12	2e-12	1.111111111111111e-12
*32/*40	2e-12	2e-12	0.0	0.0	0.0	0.0	2e-12	2e-12	2e-12	1.111111111111111e-12
*32/*41	2e-12	2e-12	0.0	0.0	0.0	0.0	2e-12	2e-12	2e-12	1.111111111111111e-12
*32/*42	2e-12	2e-12	0.0	0.0	0.0	0.0	2e-12	2e-12	2e-12	1.111111111111111e-12
*32/*43	2e-12	2e-12	0.0	0.0	0.0	0.0	2e-12	2e-12	2e-12	1.111111111111111e-12
*32/*44	2e-12	2e-12	0.0	0.0	0.0	0.0	2e-12	2e-12	2e-12	1.111111111111111e-12
*32/*5	2e-12	2e-12	0.0	0.0	0.0	0.0	2e-12	2e-12	2e-12	1.111111111111111e-12
*32/*6	0.0	2e-12	0.0	0.0	0.0	0.0	2e-12	2e-12	2e-12	8.888888888888889e-13
*32/*7	2e-12	2e-12	0.0	0.0	0.0	0.0	2e-12	2e-12	2e-12	1.111111111111111e-12
*32/*8	1.2999999999999999e-08	2e-12	0.0	0.0	0.0	0.0	2e-12	2e-12	4.8e-08	6.778444444444444e-09
*32/*9	2e-12	2e-12	0.0	0.0	0.0	0.0	2e-12	2e-12	0.0	8.888888888888889e-13
*33/*33	1e-12	1e-12	0.0	0.0	0.0	1e-08	1e-12	1e-12	1e-12	1.1116666666666667e-09
*33/*34	0.0	2e-12	0.0	0.0	0.0	0.0	2e-12	2e-12	2e-12	8.888888888888889e-13
*33/*35	2e-12	2e-12	0.0	0.0	0.0	2e-10	2e-12	2e-12	2e-12	2.3333333333333334e-11
*33/*36	2e-12	2e-12	0.0	0.0	0.0	2e-10	2e-12	2e-12	2e-12	2.3333333333333334e-11
*33/*37	2e-12	2e-12	0.0	0.0	0.0	2e-08	2e-12	2e-12	2e-12	2.2233333333333333e-09
*33/*38	2e-12	2e-12	0.0	0.0	0.0	0.0	2e-12	2e-12	2e-12	1.111111111111111e-12
*33/*39	2e-12	2e-12	0.0	0.0	0.0	0.0	2e-12	2e-12	2e-12	1.111111111111111e-12
*33/*3A	1.6e-08	2e-12	0.0	0.0	0.0	8.34e-06	2.62e-08	2e-12	3.2e-09	9.317115555555556e-07
*33/*3B	0.0	2e-12	0.0	0.0	0.0	4.8e-07	9.4e-09	2e-12	0.0	5.43782222222222e-08
*33/*3C	4.8e-08	2e-12	0.0	0.0	0.0	1.16e-06	1.88e-08	2e-12	1.058e-07	1.4806711111111109e-07
*33/*4	2e-12	2e-12	0.0	0.0	0.0	0.0	2e-12	2e-12	2e-12	1.111111111111111e-12
*33/*40	2e-12	2e-12	0.0	0.0	0.0	4e-08	2e-12	2e-12	2e-12	4.445555555555556e-09
*33/*41	2e-12	2e-12	0.0	0.0	0.0	2e-10	2e-12	2e-12	2e-12	2.3333333333333334e-11
*33/*42	2e-12	2e-12	0.0	0.0	0.0	2e-10	2e-12	2e-12	2e-12	2.3333333333333334e-11
*33/*43	2e-12	2e-12	0.0	0.0	0.0	2e-10	2e-12	2e-12	2e-12	2.3333333333333334e-11
*33/*44	2e-12	2e-12	0.0	0.0	0.0	2e-10	2e-12	2e-12	2e-12	2.3333333333333334e-11
*33/*5	2e-12	2e-12	0.0	0.0	0.0	2e-10	2e-12	2e-12	2e-12	2.3333333333333334e-11
*33/*6	0.0	2e-12	0.0	0.0	0.0	0.0	2e-12	2e-12	2e-12	8.888888888888889e-13
*33/*7	2e-12	2e-12	0.0	0.0	0.0	0.0	2e-12	2e-12	2e-12	1.111111111111111e-12
*33/*8	1.2999999999999999e-08	2e-12	0.0	0.0	0.0	2.4e-07	2e-12	2e-12	4.8e-08	3.3445111111111114e-08
*33/*9	2e-12	2e-12	0.0	0.0	0.0	2e-08	2e-12	2e-12	0.0	2.223111111111111e-09
*34/*34	0.0	1e-12	3.5999999999999994e-07	0.0	0.0	0.0	1e-12	1e-12	1e-12	4.0000444444444424e-08
*34/*35	0.0	2e-12	1.1999999999999998e-09	0.0	0.0	0.0	2e-12	2e-12	2e-12	1.342222222222222e-10
*34/*36	0.0	2e-12	1.1999999999999998e-09	0.0	0.0	0.0	2e-12	2e-12	2e-12	1.342222222222222e-10
*34/*37	0.0	2e-12	0.0	0.0	0.0	0.0	2e-12	2e-12	2e-12	8.888888888888889e-13
*34/*38	0.0	2e-12	0.0	0.0	0.0	0.0	2e-12	2e-12	2e-12	8.888888888888889e-13
*34/*39	0.0	2e-12	0.0	0.0	0.0	0.0	2e-12	2e-12	2e-12	8.888888888888889e-13
*34/*3A	0.0	2e-12	5.039999999999999e-06	0.0	0.0	0.0	2.62e-08	2e-12	3.2e-09	5.632671111111109e-07
*34/*3B	0.0	2e-12	2.0399999999999995e-06	0.0	0.0	0.0	9.4e-09	2e-12	0.0	2.277115555555555e-07
*34/*3C	0.0	2e-12	1.3439999999999998e-05	0.0	0.0	0.0	1.88e-08	2e-12	1.058e-07	1.5071782222222222e-06
*34/*4	0.0	2e-12	0.0	0.0	0.0	0.0	2e-12	2e-12	2e-12	8.888888888888889e-13
*34/*40	0.0	2e-12	0.0	0.0	0.0	0.0	2e-12	2e-12	2e-12	8.888888888888889e-13
*34/*41	0.0	2e-12	1.1999999999999998e-09	0.0	0.0	0.0	2e-12	2e-12	2e-12	1.342222222222222e-10
*34/*42	0.0	2e-12	1.1999999999999998e-09	0.0	0.0	0.0	2e-12	2e-12	2e-12	1.342222222222222e-10
*34/*43	0.0	2e-12	1.1999999999999998e-09	0.0	0.0	0.0	2e-12	2e-12	2e-12	1.342222222222222e-10
*34/*44	0.0	2e-12	1.1999999999999998e-09	0.0	0.0	0.0	2e-12	2e-12	2e-12	1.342222222222222e-10
*34/*5	0.0	2e-12	1.1999999999999998e-09	0.0	0.0	0.0	2e-12	2e-12	2e-12	1.342222222222222e-10
*34/*6	0.0	2e-12	0.0	0.0	0.0	0.0	2e-12	2e-12	2e-12	8.888888888888889e-13
*34/*7	0.0	2e-12	0.0	0.0	0.0	0.0	2e-12	2e-12	2e-12	8.888888888888889e-13
*34/*8	0.0	2e-12	1.2e-07	0.0	0.0	0.0	2e-12	2e-12	4.8e-08	1.8667333333333334e-08
*34/*9	0.0	2e-12	0.0	0.0	0.0	0.0	2e-12	2e-12	0.0	6.666666666666667e-13
*35/*35	1e-12	1e-12	1e-12	1e-12	1e-12	1e-12	1e-12	1e-12	1e-12	1e-12
*35/*36	2e-12	2e-12	2e-12	2e-12	2e-12	2e-12	2e-12	2e-12	2e-12	2e-12
*35/*37	2e-12	2e-12	0.0	0.0	0.0	2e-10	2e-12	2e-12	2e-12	2.3333333333333334e-11
*35/*38	2e-12	2e-12	0.0	8e-10	0.0	0.0	2e-12	2e-12	2e-12	9e-11
*35/*39	2e-12	2e-12	0.0	2e-10	0.0	0.0	2e-12	2e-12	2e-12	2.3333333333333334e-11
*35/*3A	1.6e-08	2e-12	8.399999999999999e-09	5.999999999999999e-10	6.76e-08	8.339999999999999e-08	2.62e-08	2e-12	3.2e-09	2.2822666666666666e-08
*35/*3B	0.0	2e-12	3.4e-09	0.0	5.6e-09	4.799999999999999e-09	9.4e-09	2e-12	0.0	2.5782222222222217e-09
*35/*3C	4.8e-08	2e-12	2.24e-08	3.28e-08	9.799999999999998e-09	1.1599999999999998e-08	1.88e-08	2e-12	1.058e-07	2.7689333333333333e-08
*35/*4	2e-12	2e-12	0.0	0.0	2e-10	0.0	2e-12	2e-12	2e-12	2.3333333333333334e-11
*35/*40	2e-12	2e-12	0.0	0.0	2e-10	4e-10	2e-12	2e-12	2e-12	6.777777777777777e-11
*35/*41	2e-12	2e-12	2e-12	2e-12	2e-12	2e-12	2e-12	2e-12	2e-12	2e-12
*35/*42	2e-12	2e-12	2e-12	2e-12	2e-12	2e-12	2e-12	2e-12	2e-12	2e-12
*35/*43	2e-12	2e-12	2e-12	2e-12	2e-12	2e-12	2e-12	2e-12	2e-12	2e-12
*35/*44	2e-12	2e-12	2e-12	2e-12	2e-12	2e-12	2e-12	2e-12	2e-12	2e-12
*35/*5	2e-12	2e-12	2e-12	0.0	0.0	2e-12	2e-12	2e-12	2e-12	1.5555555555555554e-12
*35/*6	0.0	2e-12	0.0	4.4e-09	0.0	0.0	2e-12	2e-12	2e-12	4.897777777777776e-10
*35/*7	2e-12	2e-12	0.0	0.0	0.0	0.0	2e-12	2e-12	2e-12	1.111111111111111e-12
*35/*8	1.2999999999999999e-08	2e-12	2e-10	0.0	2e-10	2.3999999999999996e-09	2e-12	2e-12	4.8e-08	7.089555555555555e-09
*35/*9	2e-12	2e-12	0.0	0.0	1.1999999999999998e-09	2e-10	2e-12	2e-12	0.0	1.564444444444444e-10
*36/*36	1e-12	1e-12	1e-12	1e-12	1e-12	1e-12	1e-12	1e-12	1e-12	1e-12
*36/*37	2e-12	2e-12	0.0	0.0	0.0	2e-10	2e-12	2e-12	2e-12	2.3333333333333334e-11
*36/*38	2e-12	2e-12	0.0	8e-10	0.0	0.0	2e-12	2e-12	2e-12	9e-11
*36/*39	2e-12	2e-12	0.0	2e-10	0.0	0.0	2e-12	2e-12	2e-12	2.3333333333333334e-11
*36/*3A	1.6e-08	2e-12	8.399999999999999e-09	5.999999999999999e-10	6.76e-08	8.339999999999999e-08	2.62e-08	2e-12	3.2e-09	2.2822666666666666e-08
*36/*3B	0.0	2e-12	3.4e-09	0.0	5.6e-09	4.799999999999999e-09	9.4e-09	2e-12	0.0	2.5782222222222217e-09
*36/*3C	4.8e-08	2e-12	2.24e-08	3.28e-08	9.799999999999998e-09	1.1599999999999998e-08	1.88e-08	2e-12	1.058e-07	2.7689333333333333e-08
*36/*4	2e-12	2e-12	0.0	0.0	2e-10	0.0	2e-12	2e-12	2e-12	2.3333333333333334e-11
*36/*40	2e-12	2e-12	0.0	0.0	2e-10	4e-10	2e-12	2e-12	2e-12	6.777777777777777e-11
*36/*41	2e-12	2e-12	2e-12	2e-12	2e-12	2e-12	2e-12	2e-12	2e-12	2e-12
*36/*42	2e-12	2e-12	2e-12	2e-12	2e-12	2e-12	2e-12	2e-12	2e-12	2e-12
*36/*43	2e-12	2e-12	2e-12	2e-12	2e-12	2e-12	2e-12	2e-12	2e-12	2e-12
*36/*44	2e-12	2e-12	2e-12	2e-12	2e-12	2e-12	2e-12	2e-12	2e-12	2e-12
*36/*5	2e-12	2e-12	2e-12	0.0	0.0	2e-12	2e-12	2e-12	2e-12	1.5555555555555554e-12
*36/*6	0.0	2e-12	0.0	4.4e-09	0.0	0.0	2e-12	2e-12	2e-12	4.897777777777776e-10
*36/*7	2e-12	2e-12	0.0	0.0	0.0	0.0	2e-12	2e-12	2e-12	1.111111111111111e-12
*36/*8	1.2999999999999999e-08	2e-12	2e-10	0.0	2e-10	2.3999999999999996e-09	2e-12	2e-12	4.8e-08	7.089555555555555e-09
*36/*9	2e-12	2e-12	0.0	0.0	1.1999999999999998e-09	2e-10	2e-12	2e-12	0.0	1.564444444444444e-10
*37/*37	1e-12	1e-12	0.0	0.0	0.0	1e-08	1e-12	1e-12	1e-12	1.1116666666666667e-09
*37/*38	2e-12	2e-12	0.0	0.0	0.0	0.0	2e-12	2e-12	2e-12	1.111111111111111e-12
*37/*39	2e-12	2e-12	0.0	0.0	0.0	0.0	2e-12	2e-12	2e-12	1.111111111111111e-12
*37/*3A	1.6e-08	2e-12	0.0	0.0	0.0	8.34e-06	2.62e-08	2e-12	3.2e-09	9.317115555555556e-07
*37/*3B	0.0	2e-12	0.0	0.0	0.0	4.8e-07	9.4e-09	2e-12	0.0	5.43782222222222e-08
*37/*3C	4.8e-08	2e-12	0.0	0.0	0.0	1.16e-06	1.88e-08	2e-12	1.058e-07	1.4806711111111109e-07
*37/*4	2e-12	2e-12	0.0	0.0	0.0	0.0	2e-12	2e-12	2e-12	1.111111111111111e-12
*37/*40	2e-12	2e-12	0.0	0.0	0.0	4e-08	2e-12	2e-12	2e-12	4.445555555555556e-09
*37/*41	2e-12	2e-12	0.0	0.0	0.0	2e-10	2e-12	2e-12	2e-12	2.3333333333333334e-11
*37/*42	2e-12	2e-12	0.0	0.0	0.0	2e-10	2e-12	2e-12	2e-12	2.3333333333333334e-11
*37/*43	2e-12	2e-12	0.0	0.0	0.0	2e-10	2e-12	2e-12	2e-12	2.3333333333333334e-11
*37/*44	2e-12	2e-12	0.0	0.0	0.0	2e-10	2e-12	2e-12	2e-12	2.3333333333333334e-11
*37/*5	2e-12	2e-12	0.0	0.0	0.0	2e-10	2e-12	2e-12	2e-12	2.3333333333333334e-11
*37/*6	0.0	2e-12	0.0	0.0	0.0	0.0	2e-12	2e-12	2e-12	8.888888888888889e-13
*37/*7	2e-12	2e-12	0.0	0.0	0.0	0.0	2e-12	2e-12	2e-12	1.111111111111111e-12
*37/*8	1.2999999999999999e-08	2e-12	0.0	0.0	0.0	2.4e-07	2e-12	2e-12	4.8e-08	3.3445111111111114e-08
*37/*9	2e-12	2e-12	0.0	0.0	0.0	2e-08	2e-12	2e-12	0.0	2.223111111111111e-09
*38/*38	1e-12	1e-12	0.0	1.6e-07	0.0	0.0	1e-12	1e-12	1e-12	1.7778333333333335e-08
*38/*39	2e-12	2e-12	0.0	8e-08	0.0	0.0	2e-12	2e-12	2e-12	8.890000000000002e-09
*38/*3A	1.6e-08	2e-12	0.0	2.4e-07	0.0	0.0	2.62e-08	2e-12	3.2e-09	3.171155555555555e-08
*38/*3B	0.0	2e-12	0.0	0.0	0.0	0.0	9.4e-09	2e-12	0.0	1.044888888888889e-09
*38/*3C	4.8e-08	2e-12	0.0	1.3120000000000001e-05	0.0	0.0	1.88e-08	2e-12	1.058e-07	1.4769560000000003e-06
*38/*4	2e-12	2e-12	0.0	0.0	0.0	0.0	2e-12	2e-12	2e-12	1.111111111111111e-12
*38/*40	2e-12	2e-12	0.0	0.0	0.0	0.0	2e-12	2e-12	2e-12	1.111111111111111e-12
*38/*41	2e-12	2e-12	0.0	8e-10	0.0	0.0	2e-12	2e-12	2e-12	9e-11
*38/*42	2e-12	2e-12	0.0	8e-10	0.0	0.0	2e-12	2e-12	2e-12	9e-11
*38/*43	2e-12	2e-12	0.0	8e-10	0.0	0.0	2e-12	2e-12	2e-12	9e-11
*38/*44	2e-12	2e-12	0.0	8e-10	0.0	0.0	2e-12	2e-12	2e-12	9e-11
*38/*5	2e-12	2e-12	0.0	0.0	0.0	0.0	2e-12	2e-12	2e-12	1.111111111111111e-12
*38/*6	0.0	2e-12	0.0	1.76e-06	0.0	0.0	2e-12	2e-12	2e-12	1.955564444444445e-07
*38/*7	2e-12	2e-12	0.0	0.0	0.0	0.0	2e-12	2e-12	2e-12	1.111111111111111e-12
*38/*8	1.2999999999999999e-08	2e-12	0.0	0.0	0.0	0.0	2e-12	2e-12	4.8e-08	6.778444444444444e-09
*38/*9	2e-12	2e-12	0.0	0.0	0.0	0.0	2e-12	2e-12	0.0	8.888888888888889e-13
*39/*39	1e-12	1e-12	0.0	1e-08	0.0	0.0	1e-12	1e-12	1e-12	1.1116666666666667e-09
*39/*3A	1.6e-08	2e-12	0.0	6e-08	0.0	0.0	2.62e-08	2e-12	3.2e-09	1.1711555555555556e-08
*39/*3B	0.0	2e-12	0.0	0.0	0.0	0.0	9.4e-09	2e-12	0.0	1.044888888888889e-09
*39/*3C	4.8e-08	2e-12	0.0	3.2800000000000004e-06	0.0	0.0	1.88e-08	2e-12	1.058e-07	3.836226666666667e-07
*39/*4	2e-12	2e-12	0.0	0.0	0.0	0.0	2e-12	2e-12	2e-12	1.111111111111111e-12
*39/*40	2e-12	2e-12	0.0	0.0	0.0	0.0	2e-12	2e-12	2e-12	1.111111111111111e-12
*39/*41	2e-12	2e-12	0.0	2e-10	0.0	0.0	2e-12	2e-12	2e-12	2.3333333333333334e-11
*39/*42	2e-12	2e-12	0.0	2e-10	0.0	0.0	2e-12	2e-12	2e-12	2.3333333333333334e-11
*39/*43	2e-12	2e-12	0.0	2e-10	0.0	0.0	2e-12	2e-12	2e-12	2.3333333333333334e-11
*39/*44	2e-12	2e-12	0.0	2e-10	0.0	0.0	2e-12	2e-12	2e-12	2.3333333333333334e-11
*39/*5	2e-12	2e-12	0.0	0.0	0.0	0.0	2e-12	2e-12	2e-12	1.111111111111111e-12
*39/*6	0.0	2e-12	0.0	4.4e-07	0.0	0.0	2e-12	2e-12	2e-12	4.888977777777778e-08
*39/*7	2e-12	2e-12	0.0	0.0	0.0	0.0	2e-12	2e-12	2e-12	1.111111111111111e-12
*39/*8	1.2999999999999999e-08	2e-12	0.0	0.0	0.0	0.0	2e-12	2e-12	4.8e-08	6.778444444444444e-09
*39/*9	2e-12	2e-12	0.0	0.0	0.0	0.0	2e-12	2e-12	0.0	8.888888888888889e-13
*3A/*3A	6.4e-05	1e-12	1.7639999999999997e-05	8.999999999999999e-08	0.0011424399999999998	0.00173889	0.00017161000000000002	1e-12	2.56e-06	0.0003485811113333333
*3A/*3B	0.0	2e-12	1.4279999999999999e-05	0.0	0.00018927999999999998	0.00020015999999999998	0.00012314000000000002	2e-12	0.0	5.854000044444444e-05
*3A/*3C	0.000384	2e-12	9.408e-05	9.84e-06	0.00033123999999999995	0.00048372	0.00024628000000000003	2e-12	0.00016928	0.0001909377782222222
*3A/*4	1.6e-08	2e-12	0.0	0.0	6.76e-06	0.0	2.62e-08	2e-12	3.2e-09	7.561559999999999e-07
*3A/*40	1.6e-08	2e-12	0.0	0.0	6.76e-06	1.668e-05	2.62e-08	2e-12	3.2e-09	2.609489333333333e-06
*3A/*41	1.6e-08	2e-12	8.399999999999999e-09	5.999999999999999e-10	6.76e-08	8.339999999999999e-08	2.62e-08	2e-12	3.2e-09	2.2822666666666666e-08
*3A/*42	1.6e-08	2e-12	8.399999999999999e-09	5.999999999999999e-10	6.76e-08	8.339999999999999e-08	2.62e-08	2e-12	3.2e-09	2.2822666666666666e-08
*3A/*43	1.6e-08	2e-12	8.399999999999999e-09	5.999999999999999e-10	6.76e-08	8.339999999999999e-08	2.62e-08	2e-12	3.2e-09	2.2822666666666666e-08
*3A/*44	1.6e-08	2e-12	8.399999999999999e-09	5.999999999999999e-10	6.76e-08	8.339999999999999e-08	2.62e-08	2e-12	3.2e-09	2.2822666666666666e-08
*3A/*5	1.6e-08	2e-12	8.399999999999999e-09	0.0	0.0	8.339999999999999e-08	2.62e-08	2e-12	3.2e-09	1.5244888888888888e-08
*3A/*6	0.0	2e-12	0.0	1.32e-06	0.0	0.0	2.62e-08	2e-12	3.2e-09	1.499337777777778e-07
*3A/*7	1.6e-08	2e-12	0.0	0.0	0.0	0.0	2.62e-08	2e-12	3.2e-09	5.044888888888889e-09
*3A/*8	0.000104	2e-12	8.4e-07	0.0	6.76e-06	0.00010007999999999999	2.62e-08	2e-12	7.680000000000001e-05	3.205624488888889e-05
*3A/*9	1.6e-08	2e-12	0.0	0.0	4.055999999999999e-05	8.34e-06	2.62e-08	2e-12	0.0	5.438022666666666e-06
*3B/*3B	0.0	1e-12	2.89e-06	0.0	7.84e-06	5.759999999999999e-06	2.209e-05	1e-12	0.0	4.286666888888888e-06
*3B/*3C	0.0	2e-12	3.8079999999999995e-05	0.0	2.7439999999999998e-05	2.7839999999999994e-05	8.836e-05	2e-12	0.0	2.019111155555555e-05
*3B/*4	0.0	2e-12	0.0	0.0	5.6e-07	0.0	9.4e-09	2e-12	0.0	6.32671111111111e-08
*3B/*40	0.0	2e-12	0.0	0.0	5.6e-07	9.6e-07	9.4e-09	2e-12	0.0	1.699337777777778e-07
*3B/*41	0.0	2e-12	3.4e-09	0.0	5.6e-09	4.799999999999999e-09	9.4e-09	2e-12	0.0	2.5782222222222217e-09
*3B/*42	0.0	2e-12	3.4e-09	0.0	5.6e-09	4.799999999999999e-09	9.4e-09	2e-12	0.0	2.5782222222222217e-09
*3B/*43	0.0	2e-12	3.4e-09	0.0	5.6e-09	4.799999999999999e-09	9.4e-09	2e-12	0.0	2.5782222222222217e-09
*3B/*44	0.0	2e-12	3.4e-09	0.0	5.6e-09	4.799999999999999e-09	9.4e-09	2e-12	0.0	2.5782222222222217e-09
*3B/*5	0.0	2e-12	3.4e-09	0.0	0.0	4.799999999999999e-09	9.4e-09	2e-12	0.0	1.956e-09
*3B/*6	0.0	2e-12	0.0	0.0	0.0	0.0	9.4e-09	2e-12	0.0	1.044888888888889e-09
*3B/*7	0.0	2e-12	0.0	0.0	0.0	0.0	9.4e-09	2e-12	0.0	1.044888888888889e-09
*3B/*8	0.0	2e-12	3.4e-07	0.0	5.6e-07	5.759999999999999e-06	9.4e-09	2e-12	0.0	7.410448888888888e-07
*3B/*9	0.0	2e-12	0.0	0.0	3.3599999999999996e-06	4.8e-07	9.4e-09	2e-12	0.0	4.2771155555555545e-07
*3C/*3C	0.000576	1e-12	0.00012544	0.00026896000000000005	2.401e-05	3.3639999999999996e-05	8.836e-05	1e-12	0.0027984100000000003	0.00043498000022222226
*3C/*4	4.8e-08	2e-12	0.0	0.0	9.8e-07	0.0	1.88e-08	2e-12	1.058e-07	1.280671111111111e-07
*3C/*40	4.8e-08	2e-12	0.0	0.0	9.8e-07	2.32e-06	1.88e-08	2e-12	1.058e-07	3.8584488888888883e-07
*3C/*41	4.8e-08	2e-12	2.24e-08	3.28e-08	9.799999999999998e-09	1.1599999999999998e-08	1.88e-08	2e-12	1.058e-07	2.7689333333333333e-08
*3C/*42	4.8e-08	2e-12	2.24e-08	3.28e-08	9.799999999999998e-09	1.1599999999999998e-08	1.88e-08	2e-12	1.058e-07	2.7689333333333333e-08
*3C/*43	4.8e-08	2e-12	2.24e-08	3.28e-08	9.799999999999998e-09	1.1599999999999998e-08	1.88e-08	2e-12	1.058e-07	2.7689333333333333e-08
*3C/*44	4.8e-08	2e-12	2.24e-08	3.28e-08	9.799999999999998e-09	1.1599999999999998e-08	1.88e-08	2e-12	1.058e-07	2.7689333333333333e-08
*3C/*5	4.8e-08	2e-12	2.24e-08	0.0	0.0	1.1599999999999998e-08	1.88e-08	2e-12	1.058e-07	2.2955999999999997e-08
*3C/*6	0.0	2e-12	0.0	7.216000000000001e-05	0.0	0.0	1.88e-08	2e-12	1.058e-07	8.03162266666667e-06
*3C/*7	4.8e-08	2e-12	0.0	0.0	0.0	0.0	1.88e-08	2e-12	1.058e-07	1.9178222222222223e-08
*3C/*8	0.000312	2e-12	2.24e-06	0.0	9.8e-07	1.3919999999999997e-05	1.88e-08	2e-12	0.0025392	0.00031870653377777776
*3C/*9	4.8e-08	2e-12	0.0	0.0	5.88e-06	1.16e-06	1.88e-08	2e-12	0.0	7.896448888888888e-07
*4/*4	1e-12	1e-12	0.0	0.0	1e-08	0.0	1e-12	1e-12	1e-12	1.1116666666666667e-09
*4/*40	2e-12	2e-12	0.0	0.0	2e-08	0.0	2e-12	2e-12	2e-12	2.2233333333333333e-09
*4/*41	2e-12	2e-12	0.0	0.0	2e-10	0.0	2e-12	2e-12	2e-12	2.3333333333333334e-11
*4/*42	2e-12	2e-12	0.0	0.0	2e-10	0.0	2e-12	2e-12	2e-12	2.3333333333333334e-11
*4/*43	2e-12	2e-12	0.0	0.0	2e-10	0.0	2e-12	2e-12	2e-12	2.3333333333333334e-11
*4/*44	2e-12	2e-12	0.0	0.0	2e-10	0.0	2e-12	2e-12	2e-12	2.3333333333333334e-11
*4/*5	2e-12	2e-12	0.0	0.0	0.0	0.0	2e-12	2e-12	2e-12	1.111111111111111e-12
*4/*6	0.0	2e-12	0.0	0.0	0.0	0.0	2e-12	2e-12	2e-12	8.888888888888889e-13
*4/*7	2e-12	2e-12	0.0	0.0	0.0	0.0	2e-12	2e-12	2e-12	1.111111111111111e-12
*4/*8	1.2999999999999999e-08	2e-12	0.0	0.0	2e-08	0.0	2e-12	2e-12	4.8e-08	9.000666666666666e-09
*4/*9	2e-12	2e-12	0.0	0.0	1.2e-07	0.0	2e-12	2e-12	0.0	1.3334222222222222e-08
*40/*40	1e-12	1e-12	0.0	0.0	1e-08	4e-08	1e-12	1e-12	1e-12	5.556111111111111e-09
*40/*41	2e-12	2e-12	0.0	0.0	2e-10	4e-10	2e-12	2e-12	2e-12	6.777777777777777e-11
*40/*42	2e-12	2e-12	0.0	0.0	2e-10	4e-10	2e-12	2e-12	2e-12	6.777777777777777e-11
*40/*43	2e-12	2e-12	0.0	0.0	2e-10	4e-10	2e-12	2e-12	2e-12	6.777777777777777e-11
*40/*44	2e-12	2e-12	0.0	0.0	2e-10	4e-10	2e-12	2e-12	2e-12	6.777777777777777e-11
*40/*5	2e-12	2e-12	0.0	0.0	0.0	4e-10	2e-12	2e-12	2e-12	4.5555555555555555e-11
*40/*6	0.0	2e-12	0.0	0.0	0.0	0.0	2e-12	2e-12	2e-12	8.888888888888889e-13
*40/*7	2e-12	2e-12	0.0	0.0	0.0	0.0	2e-12	2e-12	2e-12	1.111111111111111e-12
*40/*8	1.2999999999999999e-08	2e-12	0.0	0.0	2e-08	4.8e-07	2e-12	2e-12	4.8e-08	6.233399999999998e-08
*40/*9	2e-12	2e-12	0.0	0.0	1.2e-07	4e-08	2e-12	2e-12	0.0	1.7778666666666667e-08
*41/*41	1e-12	1e-12	1e-12	1e-12	1e-12	1e-12	1e-12	1e-12	1e-12	1e-12
*41/*42	2e-12	2e-12	2e-12	2e-12	2e-12	2e-12	2e-12	2e-12	2e-12	2e-12
*41/*43	2e-12	2e-12	2e-12	2e-12	2e-12	2e-12	2e-12	2e-12	2e-12	2e-12
*41/*44	2e-12	2e-12	2e-12	2e-12	2e-12	2e-12	2e-12	2e-12	2e-12	2e-12
*41/*5	2e-12	2e-12	2e-12	0.0	0.0	2e-12	2e-12	2e-12	2e-12	1.5555555555555554e-12
*41/*6	0.0	2e-12	0.0	4.4e-09	0.0	0.0	2e-12	2e-12	2e-12	4.897777777777776e-10
*41/*7	2e-12	2e-12	0.0	0.0	0.0	0.0	2e-12	2e-12	2e-12	1.111111111111111e-12
*41/*8	1.2999999999999999e-08	2e-12	2e-10	0.0	2e-10	2.3999999999999996e-09	2e-12	2e-12	4.8e-08	7.089555555555555e-09
*41/*9	2e-12	2e-12	0.0	0.0	1.1999999999999998e-09	2e-10	2e-12	2e-12	0.0	1.564444444444444e-10
*42/*42	1e-12	1e-12	1e-12	1e-12	1e-12	1e-12	1e-12	1e-12	1e-12	1e-12
*42/*43	2e-12	2e-12	2e-12	2e-12	2e-12	2e-12	2e-12	2e-12	2e-12	2e-12
*42/*44	2e-12	2e-12	2e-12	2e-12	2e-12	2e-12	2e-12	2e-12	2e-12	2e-12
*42/*5	2e-12	2e-12	2e-12	0.0	0.0	2e-12	2e-12	2e-12	2e-12	1.5555555555555554e-12
*42/*6	0.0	2e-12	0.0	4.4e-09	0.0	0.0	2e-12	2e-12	2e-12	4.897777777777776e-10
*42/*7	2e-12	2e-12	0.0	0.0	0.0	0.0	2e-12	2e-12	2e-12	1.111111111111111e-12
*42/*8	1.2999999999999999e-08	2e-12	2e-10	0.0	2e-10	2.3999999999999996e-09	2e-12	2e-12	4.8e-08	7.089555555555555e-09
*42/*9	2e-12	2e-12	0.0	0.0	1.1999999999999998e-09	2e-10	2e-12	2e-12	0.0	1.564444444444444e-10
*43/*43	1e-12	1e-12	1e-12	1e-12	1e-12	1e-12	1e-12	1e-12	1e-12	1e-12
*43/*44	2e-12	2e-12	2e-12	2e-12	2e-12	2e-12	2e-12	2e-12	2e-12	2e-12
*43/*5	2e-12	2e-12	2e-12	0.0	0.0	2e-12	2e-12	2e-12	2e-12	1.5555555555555554e-12
*43/*6	0.0	2e-12	0.0	4.4e-09	0.0	0.0	2e-12	2e-12	2e-12	4.897777777777776e-10
*43/*7	2e-12	2e-12	0.0	0.0	0.0	0.0	2e-12	2e-12	2e-12	1.111111111111111e-12
*43/*8	1.2999999999999999e-08	2e-12	2e-10	0.0	2e-10	2.3999999999999996e-09	2e-12	2e-12	4.8e-08	7.089555555555555e-09
*43/*9	2e-12	2e-12	0.0	0.0	1.1999999999999998e-09	2e-10	2e-12	2e-12	0.0	1.564444444444444e-10
*44/*44	1e-12	1e-12	1e-12	1e-12	1e-12	1e-12	1e-12	1e-12	1e-12	1e-12
*44/*5	2e-12	2e-12	2e-12	0.0	0.0	2e-12	2e-12	2e-12	2e-12	1.5555555555555554e-12
*44/*6	0.0	2e-12	0.0	4.4e-09	0.0	0.0	2e-12	2e-12	2e-12	4.897777777777776e-10
*44/*7	2e-12	2e-12	0.0	0.0	0.0	0.0	2e-12	2e-12	2e-12	1.111111111111111e-12
*44/*8	1.2999999999999999e-08	2e-12	2e-10	0.0	2e-10	2.3999999999999996e-09	2e-12	2e-12	4.8e-08	7.089555555555555e-09
*44/*9	2e-12	2e-12	0.0	0.0	1.1999999999999998e-09	2e-10	2e-12	2e-12	0.0	1.564444444444444e-10
*5/*5	1e-12	1e-12	1e-12	0.0	0.0	1e-12	1e-12	1e-12	1e-12	7.777777777777777e-13
*5/*6	0.0	2e-12	0.0	0.0	0.0	0.0	2e-12	2e-12	2e-12	8.888888888888889e-13
*5/*7	2e-12	2e-12	0.0	0.0	0.0	0.0	2e-12	2e-12	2e-12	1.111111111111111e-12
*5/*8	1.2999999999999999e-08	2e-12	2e-10	0.0	0.0	2.3999999999999996e-09	2e-12	2e-12	4.8e-08	7.067333333333332e-09
*5/*9	2e-12	2e-12	0.0	0.0	0.0	2e-10	2e-12	2e-12	0.0	2.3111111111111113e-11
*6/*6	0.0	1e-12	0.0	4.84e-06	0.0	0.0	1e-12	1e-12	1e-12	5.377782222222223e-07
*6/*7	0.0	2e-12	0.0	0.0	0.0	0.0	2e-12	2e-12	2e-12	8.888888888888889e-13
*6/*8	0.0	2e-12	0.0	0.0	0.0	0.0	2e-12	2e-12	4.8e-08	5.334e-09
*6/*9	0.0	2e-12	0.0	0.0	0.0	0.0	2e-12	2e-12	0.0	6.666666666666667e-13
*7/*7	1e-12	1e-12	0.0	0.0	0.0	0.0	1e-12	1e-12	1e-12	5.555555555555555e-13
*7/*8	1.2999999999999999e-08	2e-12	0.0	0.0	0.0	0.0	2e-12	2e-12	4.8e-08	6.778444444444444e-09
*7/*9	2e-12	2e-12	0.0	0.0	0.0	0.0	2e-12	2e-12	0.0	8.888888888888889e-13
*8/*8	4.225e-05	1e-12	1e-08	0.0	1e-08	1.4399999999999998e-06	1e-12	1e-12	0.000576	6.8856667e-05
*8/*9	1.2999999999999999e-08	2e-12	0.0	0.0	1.2e-07	2.4e-07	2e-12	2e-12	0.0	4.1445111111111106e-08
*9/*9	1e-12	1e-12	0.0	0.0	3.5999999999999994e-07	1e-08	1e-12	1e-12	0.0	4.111155555555555e-08
