	African_American_Afro_Caribbean	American	Central_South_Asian	East_Asian	European	Latino	Near_Eastern	Oceanian	Sub_Saharan_African	Global
*1/*1	0.35581225000000005	1e-12	0.57623281	0.64754209	0.61434244	0.63393444	0.46253601000000005	0.91546624	0.34869025000000003	0.5060618366667778
*1/*27	1.193e-06	2e-12	1.5182e-06	1.6093999999999998e-06	1.5676e-06	1.5924e-06	1.3602e-06	1.9135999999999998e-06	1.181e-06	1.3261557777777775e-06
*1/*28	0.44546620000000003	2e-12	0.62883844	0.2381912	0.4961454	0.6369600000000001	0.41839752	0.08266752000000001	0.47240000000000004	0.3798962533335556
*1/*36	0.10080850000000001	2e-12	0.0	0.0	0.0	0.0	0.010745580000000001	0.0	0.0824338	0.021554208889111113
*1/*37	0.068001	2e-12	0.0	0.0	0.0010973200000000002	0.0	0.00584886	0.0	0.0438151	0.013195808889111113
*1/*6	0.004772	2e-12	0.06816718000000001	0.23545522000000002	0.012384040000000002	0.01847184	0.0	1.9135999999999998e-06	0.0	0.03769468817800001
*1/*80	0.5372079	2e-12	1.5182e-06	1.6093999999999998e-06	0.49253992	0.60941148	1.3602e-06	1.9135999999999998e-06	1.181e-06	0.1821296536002222
*1/*80+*28	1.193e-06	2e-12	1.5182e-06	1.6093999999999998e-06	1.5676e-06	1.5924e-06	1.3602e-06	1.9135999999999998e-06	1.181e-06	1.3261557777777775e-06
*1/*80+*37	1.193e-06	2e-12	1.5182e-06	1.6093999999999998e-06	1.5676e-06	1.5924e-06	1.3602e-06	1.9135999999999998e-06	1.181e-06	1.3261557777777775e-06
*27/*27	1e-12	1e-12	1e-12	1e-12	1e-12	1e-12	1e-12	1e-12	1e-12	1e-12
*27/*28	7.468e-07	2e-12	8.284e-07	2.9599999999999995e-07	6.33e-07	8e-07	6.152e-07	8.64e-08	8e-07	5.339779999999999e-07
*27/*36	1.69e-07	2e-12	0.0	0.0	0.0	0.0	1.58e-08	0.0	1.396e-07	3.604466666666666e-08
*27/*37	1.14e-07	2e-12	0.0	0.0	1.4e-09	0.0	8.6e-09	0.0	7.42e-08	2.2022444444444447e-08
*27/*6	8e-09	2e-12	8.98e-08	2.926e-07	1.58e-08	2.3199999999999996e-08	0.0	2e-12	0.0	4.771155555555556e-08
*27/*80	9.005999999999999e-07	2e-12	2e-12	2e-12	6.283999999999999e-07	7.653999999999999e-07	2e-12	2e-12	2e-12	2.549346666666666e-07
*27/*80+*28	2e-12	2e-12	2e-12	2e-12	2e-12	2e-12	2e-12	2e-12	2e-12	2e-12
*27/*80+*37	2e-12	2e-12	2e-12	2e-12	2e-12	2e-12	2e-12	2e-12	2e-12	2e-12
*28/*28	0.13942756	1e-12	0.17156164000000002	0.021903999999999996	0.10017225	0.16000000000000003	0.09461776	0.0018662400000000001	0.16000000000000003	0.09439438333344446
*28/*36	0.06310460000000001	2e-12	0.0	0.0	0.0	0.0	0.00486008	0.0	0.05584	0.01375607555577778
*28/*37	0.042567600000000004	2e-12	0.0	0.0	0.0004431	0.0	0.00264536	0.0	0.02968	0.008370673333555557
*28/*6	0.0029872	2e-12	0.037195160000000005	0.043304800000000004	0.0050007	0.00928	0.0	8.64e-08	0.0	0.01086310515577778
*28/*80	0.33628404	2e-12	8.284e-07	2.9599999999999995e-07	0.1988886	0.30616	6.152e-07	8.64e-08	8e-07	0.09348169622244445
*28/*80+*28	7.468e-07	2e-12	8.284e-07	2.9599999999999995e-07	6.33e-07	8e-07	6.152e-07	8.64e-08	8e-07	5.339779999999999e-07
*28/*80+*37	7.468e-07	2e-12	8.284e-07	2.9599999999999995e-07	6.33e-07	8e-07	6.152e-07	8.64e-08	8e-07	5.339779999999999e-07
*36/*36	0.007140250000000001	1e-12	0.0	0.0	0.0	0.0	6.241000000000001e-05	0.0	0.00487204	0.0013416333334444446
*36/*37	0.009633000000000001	2e-12	0.0	0.0	0.0	0.0	6.794e-05	0.0	0.00517916	0.001653344444666667
*36/*6	0.0006760000000000001	2e-12	0.0	0.0	0.0	0.0	0.0	0.0	0.0	7.511111133333333e-05
*36/*80	0.07610070000000001	2e-12	0.0	0.0	0.0	0.0	1.58e-08	0.0	1.396e-07	0.008455650600222223
*36/*80+*28	1.69e-07	2e-12	0.0	0.0	0.0	0.0	1.58e-08	0.0	1.396e-07	3.604466666666666e-08
*36/*80+*37	1.69e-07	2e-12	0.0	0.0	0.0	0.0	1.58e-08	0.0	1.396e-07	3.604466666666666e-08
*37/*37	0.003249	1e-12	0.0	0.0	4.9e-07	0.0	1.849e-05	0.0	0.00137641	0.0005160433334444445
*37/*6	0.000456	2e-12	0.0	0.0	1.106e-05	0.0	0.0	0.0	0.0	5.189555577777778e-05
*37/*80	0.051334199999999996	2e-12	0.0	0.0	0.00043987999999999997	0.0	8.6e-09	0.0	7.42e-08	0.005752684755777776
*37/*80+*28	1.14e-07	2e-12	0.0	0.0	1.4e-09	0.0	8.6e-09	0.0	7.42e-08	2.2022444444444447e-08
*37/*80+*37	1.14e-07	2e-12	0.0	0.0	1.4e-09	0.0	8.6e-09	0.0	7.42e-08	2.2022444444444447e-08
*6/*6	1.6e-05	1e-12	0.0020160100000000004	0.021403690000000003	6.241000000000001e-05	0.00013455999999999999	0.0	1e-12	0.0	0.0026258522224444445
*6/*80	0.0036024	2e-12	8.98e-08	2.926e-07	0.00496436	0.008878639999999998	0.0	2e-12	0.0	0.0019384202671111107
*6/*80+*28	8e-09	2e-12	8.98e-08	2.926e-07	1.58e-08	2.3199999999999996e-08	0.0	2e-12	0.0	4.771155555555556e-08
*6/*80+*37	8e-09	2e-12	8.98e-08	2.926e-07	1.58e-08	2.3199999999999996e-08	0.0	2e-12	0.0	4.771155555555556e-08
*80/*80	0.20277009	1e-12	1e-12	1e-12	0.09872163999999999	0.14645929	1e-12	1e-12	1e-12	0.049772335556222215
*80/*80+*28	9.005999999999999e-07	2e-12	2e-12	2e-12	6.283999999999999e-07	7.653999999999999e-07	2e-12	2e-12	2e-12	2.549346666666666e-07
*80/*80+*37	9.005999999999999e-07	2e-12	2e-12	2e-12	6.283999999999999e-07	7.653999999999999e-07	2e-12	2e-12	2e-12	2.549346666666666e-07
*80+*28/*80+*28	1e-12	1e-12	1e-12	1e-12	1e-12	1e-12	1e-12	1e-12	1e-12	1e-12
*80+*28/*80+*37	2e-12	2e-12	2e-12	2e-12	2e-12	2e-12	2e-12	2e-12	2e-12	2e-12
*80+*37/*80+*37	1e-12	1e-12	1e-12	1e-12	1e-12	1e-12	1e-12	1e-12	1e-12	1e-12
