CFTR allele	African American/Afro-Caribbean	American	Central/South Asian	East Asian	European	Latino	Near Eastern	Oceanian	Sub-Saharan African
ivacaftor non-responsive CFTR sequence	0.9811		0.9939	1.0000	0.9990	0.9986			
E56K	0.9811		0.9939	1.0000	0.9990	0.9986			
P67L	0.9811		0.9939	1.0000	0.9990	0.9986			
R74W	0.0189		0.9939	1.0000	0.0010	0.0014			
D110E	0.9811		0.9939	1.0000	0.9990	0.9986			
D110H	0.9811		0.9939	1.0000	0.9990	0.9986			
R117C	0.9811		0.9939	1.0000	0.9990	0.9986			
R117H	0.9811		0.9939	1.0000	0.9990	0.9986			
G178R	0.9811		0.9939	1.0000	0.9990	0.9986			
E193K	0.9811		0.9939	1.0000	0.9990	0.9986			
711+3A->G	0.9811		0.9939	1.0000	0.9990	0.9986			
L206W	0.9811		0.9939	1.0000	0.9990	0.9986			
R347H	0.9811		0.9939	1.0000	0.9990	0.9986			
R352Q	0.9811		0.9939	1.0000	0.9990	0.9986			
A455E	0.9811		0.9939	1.0000	0.9990	0.9986			
S549N	0.9811		0.0010	1.0000	0.9990	0.9986			
S549R(A>C)	0.9811		0.9939	1.0000	0.9990	0.9986			
S549R(T>G)	0.9811		0.9939	1.0000	0.9990	0.9986			
G551S	0.9811		0.9939	1.0000	0.9990	0.9986			
G551D	0.9811		0.9939	1.0000	0.9990	0.9986			
D579G	0.9811		0.9939	1.0000	0.9990	0.9986			
E831X	0.9811		0.9939	1.0000	0.9990	0.9986			
2789+5G->A	0.9811		0.9939	1.0000	0.9990	0.9986			
S945L	0.9811		0.9939	1.0000	0.9990	0.9986			
S977F	0.9811		0.9939	1.0000	0.9990	0.9986			
3272-26A->G	0.9811		0.9939	1.0000	0.9990	0.9986			
F1052V	0.9811		0.9939	1.0000	0.9990	0.9986			
K1060T	0.9811		0.9939	1.0000	0.9990	0.9986			
A1067T	0.9811		0.9939	1.0000	0.9990	0.9986			
G1069R	0.9811		0.0010	1.0000	0.0010	0.9986			
R1070Q	0.9811		0.0061	1.0000	0.9990	0.9986			
R1070W	0.0008		0.9939	1.0000	0.9990	0.9986			
F1074L	0.9811		0.9939	1.0000	0.0010	0.9986			
D1152H	0.9811		0.9939	1.0000	0.9990	0.9986			
3849+10kbC->T	0.9811		0.9939	1.0000	0.9990	0.9986			
G1244E	0.9811		0.9939	1.0000	0.9990	0.9986			
S1251N	0.9811		0.9939	1.0000	0.9990	0.9986			
S1255P	0.9811		0.9939	1.0000	0.9990	0.9986			
D1270N	0.0182		0.9939	1.0000	0.0010	0.0014			
G1349D	0.9811		0.9939	1.0000	0.9990	0.9986			
