CYP2B6 allele	African American/Afro-Caribbean	American	Central/South Asian	East Asian	European	Latino	Near Eastern	Oceanian	Sub-Saharan African
*1	0.8835		0.9905	0.7876	0.9760	0.9827	0.4760	0.3400	0.7693
*2	0.0310		0.0410	0.0458	0.0492	0.0440	0.0390	0.0000	0.0310
*3	0.0023		0.0024	0.0000	0.0021	0.0018		0.0000	0.0000
*4	0.0103		0.0990	0.0842	0.0409	0.1062	0.1040	0.0000	0.0000
*5	0.0621			0.0110	0.1155	0.0381	0.0240	0.0200	0.0200
*6	0.3170		0.1850	0.1745	0.2330	0.2116	0.2310	0.6200	0.3749
*7	0.0000			0.0000	0.0248	0.0080	0.0240	0.0100	0.0160
*8	0.0000								
*9	0.0465		0.0590	0.0344	0.0147	0.0727	0.1020	0.0100	
*10									
*11	0.0025		0.0022	0.0000	0.0030	0.0017			0.0709
*12	0.0000		0.0000	0.0000	0.0001	0.0005			0.0000
*13									
*14	0.0000		0.0027	0.0000	0.0051	0.0017			0.0000
*15	0.0000		0.0001	0.0000	0.0069	0.0016			0.0145
*17	0.0710			0.0000	0.0000	0.0000			0.0126
*18	0.0330			0.0000	0.0000	0.0146			0.0577
*19	0.0000			0.0000					0.0160
*20	0.0000			0.0000					0.0160
*21	0.0000		0.0000	0.0000	0.0000	0.0000			0.0127
*22	0.0110				0.0140				0.0310
*23	0.0000		0.0000	0.0021	0.0001	0.0000			0.0000
*24									
*25									
*26									
*27			0.0000	0.0080	0.0000	0.0000			0.0060
*28					0.0000	0.0000			0.0060
*29									
*30									
*31			0.0000		0.0000	0.0000			
*32			0.0000		0.0000	0.0000			
*33									
*34									
*35									
*36									
*37									
*38									