CYP3A4 allele	African American/Afro-Caribbean	American	Central/South Asian	East Asian	European	Latino	Near Eastern	Oceanian	Sub-Saharan African
*1	0.8774094		0.9634906	0.9961563	0.978525	0.9132688			
*2	0.1498		0.0399	0.004	0.002	0.1052			
*3	0.0008		0.0399	0.004	0.007	0.0072			
*4	0.1498		0.0399	0.004	0.0278	0.1052			
*5	0.1498		0.0399	0.002	0.0278	0.1052			
*6	0.1498		0.0399	0.004	0.0278	0.1052			
*7	0.1498		0.0399	0.004	0.002	0.1052			
*8	0.1498		0.0399	0.004	0.001	0.1052			
*9	0.1498		0.0399	0.004	0.0278	0.0014			
*10	0.1498		0.0031	0.004	0.005	0.0014			
*11	0.0008		0.0399	0.004	0.001	0.1052			
*12	0.0038		0.0399	0.004	0.0278	0.0014			
*13	0.1498		0.0399	0.004	0.0278	0.1052			
*14	0.1498		0.0399	0.004	0.0278	0.1052			
*15	0.0174		0.0399	0.004	0.001	0.0029			
*16	0.1498		0.0399	0.004	0.0278	0.1052			
*17	0.1498		0.0399	0.004	0.0278	0.1052			
*18	0.1498		0.0399	0.004	0.0278	0.1052			
*19	0.1498		0.002	0.004	0.0278	0.1052			
*20	0.1498		0.0399	0.004	0.0278	0.1052			
*21	0.1498		0.0399	0.001	0.0278	0.1052			
*22	0.0008		0.0061	0.004	0.0278	0.0259			
*23	0.0045		0.0399	0.004	0.0278	0.1052			
*24	0.1498		0.0399	0.004	0.0278	0.1052			
*26	0.1498		0.0399	0.004	0.0278	0.1052			
*28	0.1498		0.0399	0.004	0.0278	0.1052			
*29	0.1498		0.0399	0.004	0.0278	0.1052			
*30	0.1498		0.0399	0.004	0.0278	0.1052			
*31	0.1498		0.0399	0.004	0.0278	0.1052			
*32	0.1498		0.0399	0.004	0.0278	0.1052			
*33	0.1498		0.0399	0.004	0.0278	0.1052			
*34	0.1498		0.0399	0.004	0.0278	0.1052			
*35	0.1498		0.0399	0.004	0.001	0.1052			
*36	0.2345		0.3712	0.2679	0.0815	0.3934			