DPYD allele	African American/Afro-Caribbean	American	Central/South Asian	East Asian	European	Latino	Near_Eastern	Oceanian	Sub-Saharan African
Reference	0.1760		0.9823	0.9872	0.9896	0.9872			0.1464
c.46C>G			0.0000	0.0000	0.0000	0.0000			
c.61C>T									
c.62G>A			0.0000	0.0000	0.0000	0.0000			
c.85T>C (*9A)	0.4271		0.2553	0.0763	0.2275	0.2089			0.4464
c.295_298delTCAT (*7)			0.0000	0.0000	0.0002	0.0001			
c.313G>A			0.0000	0.0000	0.0000	0.0000			
c.343A>G			0.0000	0.0000	0.0000	0.0000			
c.451A>G	0.0000		0.0000	0.0004	0.0000	0.0112			0.0000
c.496A>G	0.0319		0.0852	0.0156	0.1104	0.0363			0.0308
c.498G>A									
c.525G>A	0.0000		0.0000	0.0001	0.0000	0.0001			0.0020
c.557A>G	0.0123		0.0000	0.0000	0.0001	0.0012			0.0259
c.601A>C			0.0000	0.0000	0.0000	0.0000			
c.632A>G			0.0000	0.0000	0.0000	0.0000			
c.703C>T (*8)			0.0002	0.0000	0.0001	0.0000			
c.775A>G	0.0031		0.0069	0.0000	0.0153	0.0073			0.0000
c.868A>G	0.0000		0.0000	0.0000	0.0000	0.0003			0.0020
c.929T>C			0.0000	0.0000	0.0000	0.0000			
c.934C>T			0.0000	0.0000	0.0000	0.0000			
c.967G>A	0.0000		0.0002	0.0000	0.0000	0.0000			0.0000
c.1003G>T (*11)			0.0000	0.0001	0.0000	0.0000			
c.1024G>A	0.0031		0.0000	0.0000	0.0000	0.0000			0.0000
c.1057C>T									
c.1108A>G	0.0000		0.0003	0.0000	0.0000	0.0000			0.0000
c.1129-5923C>G, c.1236G>A (HapB3)	0.0031		0.0197	0.0000	0.0237	0.0059			0.0000
c.1156G>T (*12)									
c.1180C>T			0.0000	0.0000	0.0000	0.0001			
c.1181G>T	0.0000		0.0000	0.0000	0.0000	0.0000			0.0009
c.1218G>A	0.0637		0.0002	0.0000	0.0003	0.0023			0.0825
c.1260T>A	0.0000		0.0000	0.0000	0.0006	0.0000			0.0000
c.1278G>T			0.0000	0.0000	0.0000	0.0000			
c.1294G>A			0.0000	0.0000	0.0000	0.0001			
c.1314T>G	0.0000		0.0000	0.0007	0.0000	0.0000			0.0000
c.1349C>T	0.0000		0.0000	0.0000	0.0000	0.0001			0.0039
c.1358C>G	0.0031		0.0000	0.0000	0.0000	0.0000			0.0020
c.1371C>T	0.0158		0.0001	0.0000	0.0002	0.0007			0.0207
c.1403C>A	0.0000		0.0000	0.0000	0.0000	0.0000			0.0000
c.1475C>T			0.0002	0.0000	0.0000	0.0000			
c.1484A>G									
c.1519G>A			0.0000	0.0000	0.0000	0.0000			
c.1543G>A			0.0000	0.0000	0.0001	0.0000			
c.1577C>G	0.0000		0.0000	0.0000	0.0000	0.0003			0.0000
c.1601G>A (*4)	0.0097		0.0086	0.0000	0.0198	0.0094			0.0000
c.1615G>A	0.0031		0.0000	0.0000	0.0000	0.0000			0.0041
c.1627A>G (*5)	0.1401		0.0937	0.2547	0.1949	0.3071			0.1579
c.1679T>G (*13)	0.0000		0.0000	0.0000	0.0006	0.0000			0.0000
c.1682G>T			0.0001	0.0000	0.0000	0.0001			
c.1774C>T	0.0000		0.0000	0.0016	0.0000	0.0000			0.0000
c.1775G>A			0.0000	0.0000	0.0000	0.0000			
c.1777G>A			0.0000	0.0000	0.0000	0.0000			
c.1796T>C			0.0000	0.0000	0.0001	0.0000			
c.1896T>C	0.0319		0.0359	0.1237	0.0379	0.0811			0.0080
c.1898delC (*3)									
c.1905+1G>A (*2A)	0.0031		0.0051	0.0000	0.0079	0.0008			0.0000
c.1905C>G	0.0000		0.0000	0.0000	0.0001	0.0000			0.0000
c.1906A>C			0.0000	0.0000	0.0000	0.0002			
c.1990G>T			0.0000	0.0000	0.0000	0.0000			
c.2021G>A			0.0000	0.0000	0.0000	0.0000			
c.2161G>A	0.0000		0.0001	0.0000	0.0002	0.0002			0.0010
c.2186C>T			0.0000	0.0000	0.0000	0.0000			
c.2194G>A (*6)	0.0160		0.0951	0.0182	0.0450	0.0273			0.0270
c.2195T>G	0.0000		0.0000	0.0000	0.0000	0.0000			0.0019
c.2279C>T	0.0000		0.0060	0.0000	0.0000	0.0000			0.0000
c.2303C>A	0.0000		0.0000	0.0018	0.0000	0.0000			0.0000
c.2336C>A	0.0000		0.0000	0.0010	0.0000	0.0000			0.0000
c.2482G>A	0.0000		0.0001	0.0000	0.0001	0.0000			0.0000
c.2582A>G	0.0000		0.0003	0.0000	0.0000	0.0000			0.0000
c.2623A>C	0.0000		0.0000	0.0003	0.0000	0.0000			0.0000
c.2639G>T			0.0007	0.0000	0.0000	0.0000			
c.2656C>T			0.0010	0.0001	0.0004	0.0001			
c.2657G>A (*9B)	0.0000		0.0002	0.0003	0.0000	0.0000			0.0000
c.2846A>T	0.0031		0.0006	0.0000	0.0037	0.0021			0.0000
c.2872A>G			0.0000	0.0000	0.0000	0.0000			
c.2915A>G	0.0092		0.0000	0.0000	0.0000	0.0001			0.0000
c.2921A>T									
c.2933A>G									
c.2977C>T	0.0000		0.0000	0.0000	0.0000	0.0005			0.0000
c.2978T>G	0.0000		0.0000	0.0000	0.0000	0.0000			0.0019
c.2983G>T (*10)									
c.3049G>A			0.0000	0.0000	0.0000	0.0000			
c.3061G>C			0.0001	0.0000	0.0001	0.0000			
c.3067C>A	0.0446		0.0000	0.0000	0.0000	0.0009			0.0348