G6PD allele	African American/Afro-Caribbean	American	Central/South Asian	East Asian	European	Latino	Near Eastern	Oceanian	Sub-Saharan African
B (wildtype)	0.6620		0.6212	0.8717	0.9060	0.8359			
202G>A_376A>G_1264C>G	0.1346		0.6212	0.8717	0.0039	0.0134			
A	0.3380		0.6212	0.8717	0.0039	0.0286			
A- 202A_376G	0.1346		0.6212	0.8717	0.0039	0.0134			
A- 680T_376G	0.3380		0.6212	0.8717	0.0039	0.0286			
A- 968C_376G	0.0100		0.6212	0.8717	0.0039	0.0038			
Aachen	0.6620		0.6212	0.8717	0.9060	0.8359			
Abeno	0.6620		0.6212	0.8717	0.9060	0.8359			
Acrokorinthos	0.3380		0.6212	0.8717	0.0039	0.0286			
Alhambra	0.6620		0.6212	0.8717	0.9060	0.8359			
Amazonia	0.6620		0.6212	0.8717	0.9060	0.8359			
Amiens	0.6620		0.6212	0.8717	0.9060	0.8359			
Amsterdam	0.6620		0.6212	0.8717	0.9060	0.8359			
Anadia	0.6620		0.6212	0.8717	0.9060	0.8359			
Ananindeua	0.3380		0.6212	0.0079	0.0039	0.0286			
Andalus	0.6620		0.6212	0.8717	0.9060	0.8359			
Arakawa	0.6620		0.6212	0.8717	0.9060	0.8359			
Asahi	0.1346		0.6212	0.8717	0.9060	0.0134			
Asahikawa	0.6620		0.6212	0.8717	0.9060	0.8359			
Aures	0.6620		0.6212	0.0013	0.9060	0.8359			
Aveiro	0.6620		0.6212	0.8717	0.9060	0.8359			
Bajo Maumere	0.6620		0.6212	0.8717	0.9060	0.8359			
Bangkok	0.6620		0.6212	0.8717	0.9060	0.8359			
Bangkok Noi	0.6620		0.6212	0.0079	0.9060	0.8359			
Bao Loc	0.6620		0.6212	0.8717	0.9060	0.8359			
Bari	0.6620		0.6212	0.8717	0.9060	0.8359			
Belem	0.6620		0.6212	0.8717	0.9060	0.8359			
Beverly Hills, Genova, Iwate, Niigata, Yamaguchi	0.6620		0.6212	0.8717	0.9060	0.8359			
Brighton	0.6620		0.6212	0.8717	0.9060	0.8359			
Buenos Aires	0.6620		0.6212	0.8717	0.9060	0.8359			
Cairo	0.6620		0.6212	0.8717	0.9060	0.8359			
Calvo Mackenna	0.6620		0.6212	0.8717	0.9060	0.8359			
Campinas	0.6620		0.6212	0.8717	0.9060	0.8359			
Canton, Taiwan-Hakka, Gifu-like, Agrigento-like	0.6620		0.6212	0.0079	0.9060	0.8359			
Cassano	0.6620		0.6212	0.8717	0.9060	0.8359			
Chatham	0.6620		0.6212	0.8717	0.9060	0.8359			
Chikugo	0.6620		0.6212	0.8717	0.9060	0.8359			
Chinese-1	0.6620		0.6212	0.8717	0.9060	0.8359			
Chinese-5	0.6620		0.6212	0.0026	0.9060	0.8359			
Cincinnati	0.6620		0.6212	0.8717	0.9060	0.8359			
Cleveland Corum	0.6620		0.6212	0.8717	0.9060	0.8359			
Clinic	0.6620		0.6212	0.8717	0.9060	0.8359			
Coimbra Shunde	0.6620		0.0014	0.8717	0.9060	0.8359			
Cosenza	0.6620		0.6212	0.8717	0.9060	0.8359			
Costanzo	0.6620		0.6212	0.8717	0.9060	0.8359			
Covao do Lobo	0.6620		0.6212	0.8717	0.9060	0.8359			
Crispim	0.6620		0.6212	0.8717	0.9060	0.8359			
Dagua	0.6620		0.6212	0.8717	0.9060	0.8359			
Durham	0.6620		0.6212	0.8717	0.9060	0.8359			
Farroupilha	0.6620		0.6212	0.8717	0.9060	0.8359			
Figuera da Foz	0.6620		0.6212	0.8717	0.9060	0.8359			
Flores	0.6620		0.6212	0.8717	0.9060	0.8359			
Fukaya	0.6620		0.6212	0.8717	0.9060	0.8359			
Fushan	0.6620		0.6212	0.8717	0.9060	0.8359			
Gaohe	0.6620		0.6212	0.8717	0.9060	0.8359			
Georgia	0.6620		0.6212	0.8717	0.9060	0.8359			
Gidra	0.6620		0.6212	0.8717	0.9060	0.8359			
Gond	0.6620		0.6212	0.8717	0.9060	0.8359			
Guadalajara	0.6620		0.6212	0.8717	0.9060	0.8359			
Guangzhou	0.6620		0.6212	0.8717	0.9060	0.8359			
Haikou	0.6620		0.6212	0.8717	0.9060	0.8359			
Hammersmith	0.6620		0.6212	0.8717	0.9060	0.8359			
Harilaou	0.6620		0.6212	0.8717	0.9060	0.8359			
Harima	0.6620		0.6212	0.8717	0.9060	0.8359			
Hartford	0.6620		0.6212	0.8717	0.9060	0.8359			
Hechi	0.1346		0.6212	0.0079	0.9060	0.0134			
Hermoupolis	0.6620		0.0014	0.0013	0.9060	0.8359			
Honiara	0.6620		0.0014	0.0013	0.9060	0.8359			
Ierapetra	0.6620		0.6212	0.8717	0.9060	0.8359			
Ilesha	0.0010		0.6212	0.8717	0.9060	0.8359			
Insuli	0.6620		0.6212	0.8717	0.9060	0.8359			
Iowa, Walter Reed, Springfield	0.6620		0.6212	0.8717	0.9060	0.8359			
Iwatsuki	0.6620		0.6212	0.8717	0.9060	0.8359			
Japan, Shinagawa	0.6620		0.6212	0.8717	0.9060	0.8359			
Kaiping, Anant, Dhon, Sapporo-like, Wosera	0.6620		0.6212	0.0065	0.9060	0.8359			
Kalyan-Kerala, Jamnaga, Rohini	0.6620		0.0111	0.8717	0.9060	0.8359			
Kambos	0.6620		0.6212	0.8717	0.9060	0.8359			
Kamiube, Keelung	0.6620		0.6212	0.8717	0.9060	0.8359			
Kamogawa	0.6620		0.6212	0.8717	0.9060	0.8359			
Kawasaki	0.6620		0.6212	0.8717	0.9060	0.8359			
Kozukata	0.6620		0.6212	0.8717	0.9060	0.8359			
Krakow	0.6620		0.6212	0.8717	0.9060	0.8359			
La Jolla	0.6620		0.6212	0.8717	0.9060	0.8359			
Lages	0.6620		0.6212	0.8717	0.9060	0.8359			
Lagosanto	0.6620		0.6212	0.8717	0.9060	0.8359			
Laibin	0.6620		0.6212	0.8717	0.9060	0.8359			
Lille	0.6620		0.6212	0.8717	0.9060	0.8359			
Liuzhou	0.6620		0.6212	0.8717	0.9060	0.8359			
Loma Linda	0.6620		0.6212	0.8717	0.9060	0.8359			
Ludhiana	0.6620		0.6212	0.8717	0.9060	0.8359			
Lynwood	0.6620		0.6212	0.8717	0.9060	0.8359			
Madrid	0.6620		0.6212	0.8717	0.9060	0.8359			
Mahidol	0.6620		0.6212	0.8717	0.9060	0.8359			
Malaga	0.6620		0.6212	0.8717	0.9060	0.8359			
Manhattan	0.6620		0.6212	0.8717	0.9060	0.8359			
Mediterranean Haplotype	0.2861		0.0042	0.1283	0.0940	0.1641			
Mediterranean, Dallas, Panama, Sassari, Cagliari, Birmingham	0.6620		0.0042	0.8717	0.9060	0.8359			
Metaponto	0.6620		0.6212	0.8717	0.9060	0.8359			
Mexico City	0.6620		0.6212	0.8717	0.9060	0.8359			
Miaoli	0.6620		0.6212	0.8717	0.9060	0.8359			
Minnesota, Marion, Gastonia, LeJeune	0.6620		0.6212	0.8717	0.9060	0.8359			
Mira d'Aire	0.6620		0.6212	0.8717	0.9060	0.8359			
Mizushima	0.6620		0.6212	0.8717	0.9060	0.8359			
Montalbano	0.6620		0.6212	0.8717	0.9060	0.8359			
Montpellier	0.6620		0.6212	0.8717	0.9060	0.8359			
Mt Sinai	0.3380		0.6212	0.8717	0.0039	0.0286			
Munich	0.6620		0.6212	0.8717	0.9060	0.8359			
Murcia Oristano	0.6620		0.6212	0.8717	0.9060	0.8359			
Musashino	0.6620		0.6212	0.8717	0.9060	0.8359			
Namouru	0.6620		0.6212	0.8717	0.9060	0.8359			
Nankang	0.6620		0.6212	0.8717	0.9060	0.8359			
Nanning	0.6620		0.6212	0.8717	0.9060	0.8359			
Naone	0.6620		0.6212	0.8717	0.9060	0.8359			
Nara	0.6620		0.6212	0.8717	0.9060	0.8359			
Nashville, Anaheim, Portici	0.6620		0.6212	0.8717	0.9060	0.8359			
Neapolis	0.6620		0.6212	0.8717	0.9060	0.8359			
Nice	0.6620		0.6212	0.8717	0.9060	0.8359			
Nilgiri	0.6620		0.6212	0.8717	0.9060	0.8359			
No name	0.6620		0.6212	0.8717	0.9060	0.8359			
North Dallas	0.6620		0.6212	0.8717	0.9060	0.8359			
Olomouc	0.6620		0.6212	0.8717	0.9060	0.8359			
Omiya	0.6620		0.6212	0.8717	0.9060	0.8359			
Orissa	0.6620		0.0014	0.8717	0.9060	0.8359			
Osaka	0.6620		0.6212	0.8717	0.9060	0.8359			
Palestrina	0.6620		0.6212	0.8717	0.9060	0.8359			
Papua	0.6620		0.6212	0.8717	0.9060	0.8359			
Partenope	0.6620		0.6212	0.8717	0.9060	0.8359			
Pawnee	0.6620		0.6212	0.8717	0.9060	0.8359			
Pedoplis-Ckaro	0.6620		0.6212	0.8717	0.9060	0.8359			
Piotrkow	0.6620		0.6212	0.8717	0.9060	0.8359			
Plymouth	0.6620		0.6212	0.8717	0.9060	0.8359			
Praha	0.6620		0.6212	0.8717	0.9060	0.8359			
Puerto Limon	0.6620		0.6212	0.8717	0.9060	0.8359			
Quing Yan	0.6620		0.6212	0.8717	0.9060	0.8359			
Radlowo	0.6620		0.6212	0.8717	0.9060	0.8359			
Rehevot	0.6620		0.6212	0.8717	0.9060	0.8359			
Rignano	0.6620		0.6212	0.8717	0.9060	0.8359			
Riley	0.6620		0.6212	0.8717	0.9060	0.8359			
Riverside	0.6620		0.6212	0.8717	0.9060	0.8359			
Roubaix	0.6620		0.6212	0.8717	0.9060	0.8359			
S. Antioco	0.6620		0.6212	0.8717	0.9060	0.8359			
Salerno Pyrgos	0.6620		0.6212	0.8717	0.9060	0.8359			
Santa Maria	0.3380		0.6212	0.8717	0.0039	0.0286			
Santiago	0.6620		0.6212	0.8717	0.9060	0.8359			
Santiago de Cuba, Morioka	0.6620		0.6212	0.8717	0.9060	0.8359			
Sao Borja	0.6620		0.6212	0.8717	0.9060	0.8359			
Seattle, Lodi, Modena, Ferrara II, Athens-like	0.6620		0.6212	0.8717	0.0013	0.8359			
Seoul	0.6620		0.6212	0.8717	0.9060	0.8359			
Serres	0.6620		0.6212	0.8717	0.9060	0.8359			
Shenzen	0.6620		0.6212	0.8717	0.9060	0.8359			
Shinshu	0.6620		0.6212	0.8717	0.9060	0.8359			
Sibari	0.6620		0.6212	0.8717	0.9060	0.8359			
Sierra Leone	0.3380		0.6212	0.8717	0.0039	0.0286			
Sinnai	0.6620		0.6212	0.8717	0.9060	0.8359			
Songklanagarind	0.6620		0.6212	0.8717	0.9060	0.8359			
Split	0.6620		0.6212	0.8717	0.9060	0.8359			
Stonybrook	0.6620		0.6212	0.8717	0.9060	0.8359			
Sugao	0.6620		0.6212	0.8717	0.9060	0.8359			
Sumare	0.6620		0.6212	0.8717	0.9060	0.8359			
Sunderland	0.6620		0.6212	0.8717	0.9060	0.8359			
Surabaya	0.6620		0.6212	0.8717	0.9060	0.8359			
Suwalki	0.6620		0.6212	0.8717	0.9060	0.8359			
Swansea	0.6620		0.6212	0.8717	0.9060	0.8359			
Taipei, Chinese-3	0.6620		0.6212	0.8717	0.9060	0.8359			
Telti/Kobe	0.6620		0.6212	0.8717	0.9060	0.8359			
Tenri	0.6620		0.6212	0.8717	0.9060	0.8359			
Tokyo, Fukushima	0.6620		0.6212	0.8717	0.9060	0.8359			
Toledo	0.6620		0.6212	0.8717	0.9060	0.8359			
Tomah	0.6620		0.6212	0.8717	0.9060	0.8359			
Tondela	0.6620		0.6212	0.8717	0.9060	0.8359			
Torun	0.6620		0.6212	0.8717	0.9060	0.8359			
Tsukui	0.6620		0.6212	0.8717	0.9060	0.8359			
Ube Konan	0.6620		0.6212	0.8717	0.9060	0.8359			
Union,Maewo, Chinese-2, Kalo	0.6620		0.0014	0.0013	0.9060	0.8359			
Urayasu	0.6620		0.6212	0.8717	0.9060	0.8359			
Utrecht	0.6620		0.6212	0.8717	0.9060	0.8359			
Valladolid	0.6620		0.6212	0.8717	0.9060	0.8359			
Vancouver	0.6620		0.0014	0.8717	0.9060	0.8359			
Vanua Lava	0.6620		0.6212	0.8717	0.9060	0.8359			
Viangchan, Jammu	0.6620		0.6212	0.0079	0.9060	0.8359			
Villeurbanne	0.6620		0.6212	0.8717	0.9060	0.8359			
Volendam	0.6620		0.6212	0.8717	0.9060	0.8359			
Wayne	0.6620		0.6212	0.8717	0.9060	0.8359			
West Virginia	0.6620		0.6212	0.8717	0.9060	0.8359			
Wexham	0.6620		0.6212	0.8717	0.9060	0.8359			
Wisconsin	0.6620		0.6212	0.8717	0.9060	0.8359			
Yunan	0.6620		0.6212	0.8717	0.9060	0.8359			
