TPMT allele	African American/Afro-Caribbean	American	Central/South Asian	East Asian	European	Latino	Near Eastern	Oceanian	Sub-Saharan African
*1	0.9938		0.9998	0.9991	0.9995	0.9995	0.9695		0.9466
*2	0.0053		0.0002	0.0001	0.0021	0.0035	0.0072		0.0000
*3A	0.0080		0.0042	0.0003	0.0338	0.0417	0.0131		0.0016
*3B	0.0000		0.0017	0.0000	0.0028	0.0024	0.0047		0.0000
*3C	0.0240		0.0112	0.0164	0.0049	0.0058	0.0094		0.0529
*4			0.0000	0.0000	0.0001	0.0000			
*5				0.0000	0.0000				
*6	0.0000		0.0000	0.0022	0.0000	0.0000			
*7			0.0000	0.0000	0.0000	0.0000			
*8	0.0065		0.0001	0.0000	0.0001	0.0012			0.0240
*9			0.0000	0.0000	0.0006	0.0001			0.0000
*10									
*11					0.0002				
*12	0.0000		0.0000	0.0001		0.0001			
*13									
*14				0.0000	0.0000				0.0000
*15			0.0000	0.0000	0.0000	0.0000			
*16	0.0000		0.0005	0.0002	0.0010	0.0001			
*17					0.0004				
*18			0.0000	0.0000	0.0000	0.0000			
*19									
*20			0.0000	0.0000	0.0001	0.0000			
*21	0.0000		0.0000	0.0000	0.0001	0.0000			
*22					0.0000				
*23			0.0000	0.0000	0.0000	0.0000			
*24	0.0328		0.0000	0.0000	0.0000	0.0011			
*25	0.0000				0.0001				
*26			0.0000	0.0003	0.0000	0.0000			
*27									
*28									
*29			0.0000	0.0003	0.0000	0.0000			
*30			0.0000	0.0000	0.0000	0.0001			
*31			0.0000	0.0000	0.0000	0.0000			
*32			0.0000	0.0000	0.0000	0.0000			
*33			0.0000	0.0000	0.0000	0.0001			
*34	0.0000		0.0006	0.0000	0.0000	0.0000			
*35									
*36									
*37			0.0000	0.0000	0.0000	0.0001			
*38			0.0000	0.0004	0.0000	0.0000			
*39			0.0000	0.0001	0.0000	0.0000			
*40			0.0000	0.0000	0.0001	0.0002			
*41									
*42									
*43									
*44									