VariantID	GeneID
1	66
2	9284
3	22997
6	17001
7	2459
8	83
9	4329
10	10971
12	22997
16	3239
17	1003
18	2179
19	6852
21	23640
22	8389
23	15620
24	4326
	
	
27	23280
28	13629
29	2193
30	18800
31	3946
	
	
	
33	3946
34	19443
35	20264
36	2285
37	6838
	
	
40	7655
42	4326
43	13221
44	6975
	
	
46	6975
47	6568
48	19197
49	13960
50	6328
51	6975
52	5096
53	9564
54	4705
55	2997
56	7582
57	8521
58	9223
59	21260
61	62
62	11157
63	19426
64	5709
65	18776
66	4731
67	5709
68	15805
69	12824
70	22500
71	20387
72	5646
73	13290
74	38
	
	
	
76	18558
77	20908
78	10538
80	13049
81	7579
83	1340
84	9286
85	6904
86	1327
	
	
88	19152
89	16156
90	20806
91	4138
92	16438
94	7171
95	15089
96	7171
97	48
98	8397
99	16112
100	24519
101	9115
102	7591
103	7171
104	10239
105	48
107	7171
108	7904
109	7171
110	5342
	
	
112	48
	
	
114	48
	
	
116	3710
117	48
118	48
119	4351
120	9112
121	7195
122	16760
123	16760
124	2285
125	12762
126	4346
127	20746
128	24233
129	15620
131	23946
132	2283
133	10701
134	13037
135	15620
136	20754
137	23988
138	20754
139	940
140	19443
141	13959
	
	
	
	
144	19444
145	4346
146	7133
	
	
148	21367
149	22980
150	22980
151	2452
152	20764
	
	
	
	
	
	
	
	
	
	
	
154	20764
155	431
156	431
157	431
158	431
159	431
160	18247
161	18247
162	18247
163	15620
164	23280
165	7171
166	2352
	
	
168	580
169	18290
170	15203
171	3349
172	3349
173	3349
174	19487
175	3584
	
	
	
	
	
177	1179
178	8077
179	10523
180	48
181	3677
182	13962
183	6166
184	1661
	
	
186	7087
187	13730
188	8289
189	8092
190	19302
191	5640
192	5766
193	3893
194	424
195	13629
196	13629
197	13962
198	13962
	
	
	
	
201	20901
202	15304
203	1615
204	9500
205	4327
206	23312
207	23312
208	23312
	
	
210	7166
211	7166
212	2875
213	1586
214	13670
215	9194
216	1160
217	4972
218	9840
219	977
220	23656
221	3644
222	24337
223	13494
224	11283
225	855
226	8016
227	20960
228	20666
229	51
230	18919
231	9115
232	4346
233	1663
234	19177
235	11155
236	13371
237	7532
238	6274
	
	
240	1724
241	23629
243	22010
	
	
245	6821
246	8126
247	10568
248	4351
249	4350
250	5390
252	7582
254	19146
255	16746
256	19146
257	19146
258	19655
259	19303
260	2285
261	12503
262	20806
264	15593
265	2429
266	425
267	64
269	13960
270	23641
271	13609
272	3348
273	5599
	
	
275	11287
276	8523
	
	
278	10295
279	5637
280	10971
	
	
282	20622
283	20622
284	20622
285	4716
286	11283
287	13619
	
	
289	13618
290	13618
291	2290
	
	
293	17438
294	8416
295	4329
296	4329
297	4329
298	8155
	
	
300	2494
301	12741
302	13033
	
	
	
304	16112
305	4351
306	4351
307	4352
308	4352
309	5629
310	4350
311	4350
312	1392
	
	
	
	
	
	
317	65
318	8438
319	20264
320	4374
321	4374
322	19268
323	83
324	8230
325	3233
326	8014
327	1437
328	21877
329	21877
330	21877
331	5719
332	1525
333	4326
334	6975
	
	
336	9321
337	8398
338	8043
339	403
340	403
341	403
	
	
343	14916
344	4352
345	2955
346	8015
347	3351
348	7579
349	9564
350	22833
351	2355
352	3233
354	2298
356	4359
357	13962
358	21352
361	2355
362	13959
363	13418
364	2997
365	9665
366	19303
367	6953
368	6568
369	5055
370	5055
371	21352
372	21352
373	6346
377	2285
378	3273
379	9564
380	9564
381	1950
382	6206
384	1949
386	9286
387	5390
388	7592
389	16431
390	9439
391	8399
392	912
394	1277
396	5055
397	5055
398	5055
399	3613
401	13494
402	3233
403	7557
	
	
405	48
406	4352
407	4352
408	4352
	
	
411	19303
412	19303
413	22059
414	6953
415	1105
416	407
	
	
418	2459
419	21352
420	21352
421	23719
422	19488
423	19487
424	19486
425	18498
426	2285
427	3357
429	9564
430	13670
431	16155
	
	
433	19269
434	13730
435	20720
436	982
	
	
	
	
439	23537
440	22010
441	4350
442	1898
443	13701
444	16570
445	5390
446	23652
	
	
448	13780
449	1277
450	10793
	
	
453	6267
454	6468
455	2875
456	18911
457	17437
458	13494
459	13494
460	16812
	
	
	
	
	
	
	
	
	
	
	
	
	
	
	
	
	
	
	
	
463	875
464	13665
465	13618
	
	
	
	
468	66
469	8158
471	11036
472	17528
473	17528
474	7299
475	23313
476	53
477	7171
478	16112
480	2703
481	9029
482	12282
483	2997
485	976
486	7173
	
	
488	21260
489	1105
490	23251
491	413
492	4145
493	2298
494	9553
495	18243
496	1663
	
	
	
	
	
	
500	1662
	
	
	
	
503	3947
	
	
505	21352
507	19488
508	19487
509	19487
510	19487
511	19487
512	19487
513	19487
514	19487
	
	
516	69
517	69
519	2853
	
	
	
	
	
	
	
	
	
	
	
	
	
	
524	7276
525	15471
528	58
	
	
530	649
531	13495
532	8123
533	539
534	54
535	54
536	10874
537	3273
538	3273
539	3273
540	3273
541	9564
542	9564
543	9112
544	5055
	
	
546	4421
548	6840
549	181
550	494
551	9194
552	15882
553	10255
554	16447
555	23629
556	4144
557	15345
558	4350
	
	
560	19443
561	11850
562	18364
563	13730
564	4427
565	17379
566	7577
	
	
568	5247
573	23279
574	23279
575	23279
576	10570
577	22010
578	22010
579	18357
581	5039
582	4343
583	4348
584	4349
585	18364
586	19508
587	18860
588	22019
	
	
	
590	1207
591	3623
592	13701
594	427
595	427
596	21153
	
	
598	7592
599	8409
600	4763
601	9089
602	16745
603	3584
604	1344
	
	
606	5055
607	8399
608	936
609	6760
610	13238
611	15461
612	17041
613	17329
614	16570
615	19162
616	19163
617	22019
618	19113
619	19260
620	17338
621	9867
622	5055
623	5055
624	5057
	
	
626	6975
627	6975
629	576
630	5055
631	22986
632	18364
	
	
634	7577
635	15350
636	15350
637	16756
638	2837
639	4348
640	13218
642	9116
643	9321
644	4224
645	4371
646	9040
647	429
	
	
	
	
650	4057
651	5039
652	2446
653	4986
	
	
655	4866
656	7076
657	48
658	7086
659	2671
660	2830
661	583
	
	
663	18248
664	3972
665	9133
666	6410
667	13609
668	10591
669	19146
670	13871
671	5599
672	21112
673	8532
675	8028
	
	
677	1807
678	20968
679	4352
680	4352
681	4352
682	4352
683	4352
684	4352
685	4352
686	230
687	5629
688	18798
689	63
690	4366
	
	
692	19487
693	10893
	
	
695	4343
696	9500
697	7653
698	16763
699	20671
700	4349
701	6848
702	3250
703	3250
704	3250
705	4351
706	11079
707	5039
708	15089
709	22019
710	9069
711	9069
712	9069
	
	
714	19115
715	19115
716	13610
717	5592
718	4343
720	10744
721	10744
722	13730
	
	
724	52
725	8398
726	6839
727	5342
728	22019
731	733
732	11079
733	5039
734	5709
735	17432
736	4349
738	5039
740	1005
742	399
743	7087
744	7087
745	7087
746	17447
747	7975
748	7975
749	13116
	
	
751	18259
752	188
753	3250
755	8126
756	5732
757	3185
	
	
759	5039
760	21352
762	5342
	
	
	
	
	
	
	
	
764	51
765	19181
766	19486
767	19179
768	19179
769	65
770	65
771	65
772	65
773	4349
774	8390
775	23279
776	5336
777	5336
778	6838
779	4350
780	4350
781	4350
782	4350
783	21868
784	23279
785	23279
786	4527
787	13962
788	2429
789	5829
790	4153
791	17438
792	5660
793	13619
794	6941
795	6268
796	15241
797	3381
798	23545
799	13701
800	9512
801	998
802	11097
803	8399
804	20643
805	6173
806	5636
807	11079
808	6502
809	15026
812	4328
	
	
815	2290
816	23584
817	19421
820	16445
821	9564
	
	
824	10420
826	46
827	8251
828	21867
829	8251
830	6266
	
	
	
832	15620
833	7086
834	9068
835	875
836	7907
837	13756
838	19426
839	11157
	
	
	
	
	
841	8120
844	4705
	
	
846	18336
847	415
	
	
	
	
849	9329
850	17056
852	17465
854	19546
855	1003
856	22986
857	20389
858	384
859	10997
	
	
861	13513
862	21585
865	5054
866	7601
867	23915
868	5054
869	1293
871	4979
873	16155
874	11194
875	3659
	
	
877	8398
878	8398
879	8398
880	8399
881	8399
883	11082
884	16155
886	6975
	
	
889	7582
890	48
891	10997
892	4587
893	9846
896	9089
897	16390
898	21978
899	1310
900	10997
901	18364
902	18364
903	18364
904	18364
905	18364
906	18364
907	18364
908	18364
909	18364
910	18364
911	18364
912	18364
913	18364
914	18364
915	18364
916	21391
917	4349
918	4349
919	4352
920	4349
921	18364
922	19133
923	5039
924	21160
925	19267
926	19268
927	2928
928	58
929	3186
930	60
931	3626
932	48
933	48
934	10971
	
	
936	8122
937	1489
938	1251
939	9336
940	9341
941	13730
942	11047
943	13730
944	13730
945	13730
946	4349
947	21867
948	8531
949	12799
950	4346
	
	
952	22997
954	8579
955	21488
956	22997
957	9741
958	19291
959	1003
960	22559
961	431
962	20806
963	19135
965	3250
966	7171
967	58
968	7171
969	18708
970	48
971	9029
	
	
973	4036
975	35
976	48
977	48
978	5039
979	52
980	2361
982	20989
983	15350
984	16761
985	2847
986	15276
987	2292
988	3972
989	1660
	
	
991	16948
	
	
	
	
	
	
	
	
994	7645
995	2287
996	12417
	
	
999	3355
1000	2404
1001	13037
1003	21336
1004	9116
1005	3584
1007	5739
1008	3947
1009	4696
1010	3980
1012	5039
1013	5039
1014	23097
1015	5039
1016	2755
1017	12741
1018	9030
1019	5342
1020	5342
1021	9148
1024	59
1025	19267
1026	3947
1027	20264
1028	13962
1029	18564
1030	18564
1031	18564
1032	3250
1033	3250
1034	3250
1035	3250
1036	3250
1037	3250
1038	3250
1039	3250
1040	3250
1041	3250
1042	3250
1043	3250
1044	3250
1045	3250
1046	3185
1047	117
1048	9737
1049	9867
1050	9867
1051	18364
1052	18364
1053	18364
1054	18364
1055	18364
1058	6379
1059	5040
1060	13331
1061	22019
1062	13962
1063	19160
1064	13962
1065	19167
1066	13962
1068	13616
1069	19130
1070	22997
1071	21153
1072	2298
1073	3273
1074	16458
1075	4349
1076	8500
1077	2292
1078	21153
1079	3273
1080	3273
1081	13248
1083	19409
1084	390
1085	390
1086	391
1087	391
	
	
1089	15273
1090	19487
1092	14818
1093	21823
1094	4366
	
	
1096	20191
1098	12282
1099	16760
1100	11571
1101	12600
1102	5055
1103	16760
1104	4351
1105	13756
1106	14853
	
	
1108	2875
1109	15350
1110	15567
	
	
1112	4351
1113	2446
1114	3369
1115	19492
1116	15747
1117	5709
1118	16498
1120	3185
1122	21867
1123	19113
1124	21867
	
	
1126	21867
1128	2826
1129	1490
	
	
1131	15620
1133	13670
	
	
	
	
	
	
	
1135	7485
	
	
	
	
	
	
	
	
	
1137	20908
1138	18569
1139	18494
	
	
1141	21884
1142	403
	
	
1146	83
1147	21258
1148	4351
1149	4507
1151	4716
1153	2187
1154	20806
1156	575
1157	22019
	
	
1159	48
1160	7171
1161	871
1162	6975
1163	5709
1164	5709
1165	5709
1166	5709
1167	5709
1168	15350
1169	4349
1170	5055
1172	17035
1173	1351
1174	6760
1175	7014
1176	11309
1177	23023
1179	23629
1180	1626
1181	6904
	
	
	
	
	
1184	16155
1185	24108
1186	938
	
	
1188	8041
1190	4490
1191	2665
1192	18249
1193	8092
1194	20806
1195	22631
1196	19497
1197	19146
1198	4527
1199	7171
1200	20964
1202	4349
1203	5799
1204	7087
1206	24429
1207	702
1208	17334
1209	10239
1210	19440
1211	5569
1212	20908
1213	7086
1214	16317
1215	23279
1216	4527
1217	48
1218	48
1219	3644
1220	9500
1221	4328
1222	6468
1223	496
1224	13618
1225	13618
	
	
1227	4366
	
	
	
	
1230	4346
1233	4351
1234	15805
1235	13959
1238	9537
1239	63
1240	4349
1241	4349
1242	13306
1244	13306
1245	20967
1246	2298
1248	2733
1249	4351
1250	6176
1251	9512
1252	7575
	
	
1254	2285
1255	1378
	
	
1257	23560
1258	63
	
	
	
1260	6454
1261	4764
	
	
1263	596
1265	1351
1266	23018
1267	67
1268	58
1269	67
1270	20756
1271	13962
1272	13613
1273	19397
	
	
1276	17451
1277	9046
1278	21867
	
	
	
1281	21867
1283	10307
	
	
1285	8531
1286	15620
	
	
1288	4445
1289	1340
1290	6904
1292	8390
1293	2665
1294	16016
1295	16016
1296	5010
	
	
	
	
	
1299	4343
1300	17328
1301	4366
1302	4343
1303	17020
1304	13618
1305	3208
1306	8248
1308	24108
1309	1003
1310	83
1311	392
1313	19373
1314	83
1315	3542
1316	13523
	
	
1319	9564
1320	13962
1321	12997
1322	13962
1323	13962
1324	22332
1325	23280
1327	8390
1328	7171
1329	3659
1330	48
1331	13962
1332	13962
1333	3710
1334	48
1335	7171
1337	7598
1338	7171
1339	7171
1340	7076
1341	13649
1342	13033
1344	6975
1345	4351
1346	19301
	
	
	
	
1349	6975
1350	3356
1351	20756
1352	3233
1353	3233
1355	16760
1356	940
	
	
1358	19100
1359	16103
1361	23584
1362	7574
1363	5039
1364	5803
1365	6468
1366	21399
1367	19114
1368	3184
	
	
	
	
	
	
	
	
	
	
1372	7009
1373	9286
1376	24429
1377	23570
1378	6984
1379	4349
1381	10945
1382	1003
1384	16744
1385	387
1386	16153
1387	16153
1388	1615
1389	16153
1390	4047
1391	4047
1393	6430
1394	19440
1395	8389
1397	23913
1398	940
1399	14916
1400	7941
1401	5569
	
	
1403	3345
1404	18566
1405	4034
1406	4343
1407	13227
1408	5039
1409	4352
1410	4366
1411	4349
1412	13962
1413	4349
1414	23640
1415	20555
1416	20555
1417	23343
1418	5039
1419	4352
1420	20910
1421	5039
1422	10997
1423	5039
1424	22010
1425	22010
1426	6392
1427	9500
1428	13730
1429	14990
1430	5039
1431	4351
1432	4343
1434	3250
1436	5039
1437	4351
1439	3250
1440	4351
1441	3947
1442	5039
	
	
1445	19030
1446	5039
1447	13
1449	20761
1450	4349
1451	5237
1452	4343
1453	1648
1454	5820
1455	5039
1456	19444
1457	5390
1458	4351
1459	3250
1460	5039
1461	10367
1462	17273
1463	3233
1464	8077
1465	2639
1467	8397
1468	5039
1469	4351
1470	21231
1471	5603
1472	16488
1473	10217
1474	18364
1475	4349
1476	4349
1477	3972
1478	21331
1480	6760
1482	11283
1483	4351
1484	9202
	
	
1488	11475
1489	598
1490	18364
1491	5039
1492	5039
1493	19492
1494	1620
1495	23600
1496	4349
1497	5039
1498	10217
1499	741
1500	5820
1501	9348
1502	4343
1504	3185
1505	4343
1506	5039
1507	4349
1508	4343
1509	443
1510	5039
1512	13730
1513	5039
1514	4349
1515	22019
1516	8404
1517	4349
1518	354
1519	18364
1520	5039
1521	13691
1523	13
1524	23280
1526	4349
1527	6359
1528	4366
1530	4343
1531	5039
1532	4349
1533	4527
1534	4343
1535	4343
1536	4349
1537	14303
1538	19171
1539	9510
1540	5039
1541	5039
1542	10997
1543	387
1544	13227
1545	5039
1546	6366
1547	13962
1548	4349
1549	19487
1550	5039
1551	18364
1552	3185
1553	13618
1554	13618
1555	5039
1558	65
1559	2838
1560	10971
1561	7598
1562	7171
1564	4349
	
	
1566	11103
1567	3185
1568	8569
1569	18364
	
	
1571	18364
1572	4349
1573	13756
1574	16163
1575	4349
1576	5039
1577	5039
1578	4351
1579	12708
1580	15620
1581	7171
1582	23640
1583	10997
1584	4342
1585	83
1586	4343
1587	10997
1588	4349
1589	18364
1590	21868
1591	21868
1592	5056
1593	4351
1594	4343
1595	22010
1596	22010
1597	4352
1598	5039
1600	5039
1601	4349
1603	4351
1604	1662
	
	
1606	6224
1608	5820
1609	9510
1611	4349
1612	16153
1613	16231
1614	3946
1615	5039
1616	4349
1617	403
1618	4349
1619	4352
1620	3250
1621	4343
1622	2411
1623	5039
1624	4351
1625	5039
1626	4351
1627	10997
1628	22019
1629	41
1630	3250
1631	22019
1632	3185
1633	1392
1634	22723
1636	3310
1637	994
1638	2221
1639	19493
1641	58
1642	345
1643	3545
1644	13618
1645	13618
1646	9115
1647	4701
1648	9439
1649	19151
1650	19163
1651	19100
1652	2269
1653	12762
1654	3194
1655	66
1656	4047
1657	17321
1658	17321
1659	18357
1660	9564
1661	23279
1662	4445
1663	6568
	
	
1665	23279
1666	347
1667	10749
1668	22980
	
	
1670	8248
1671	994
	
	
1675	13033
1676	12748
1677	65
1678	1615
1679	2857
	
	
1681	11104
1682	83
1683	13730
1684	18564
1686	7166
1687	23280
1688	18359
1689	3247
1690	23600
1692	2283
	
	
1694	814
1695	8043
1696	4445
1697	4445
	
	
1701	7381
1702	1003
1703	5608
1704	12762
1705	12762
1707	4329
1708	5345
1709	9553
1710	9553
1713	4716
1714	4716
1715	13651
	
	
1717	4716
	
	
	
	
1720	403
1721	3755
	
	
1723	3755
1724	1205
1725	15538
1727	392
1730	8399
1731	23576
1732	20626
1733	5056
1734	5056
1735	65
1736	65
1737	3446
1738	13618
1739	595
1740	4141
	
	
	
	
1744	1340
1745	1340
1747	13400
1748	6844
1749	403
1750	403
	
	
	
	
1753	11121
1754	9510
1757	2429
1759	7171
1760	17104
	
	
1762	5815
1763	10913
1764	19301
1765	19291
1766	19440
1767	6373
1768	11103
	
	
	
	
1771	18249
1772	13960
1773	13960
1774	13960
1775	13960
1776	7087
1778	3947
1779	3947
1780	3947
1781	3947
1782	9069
1783	4352
1784	24300
1785	7653
1786	65
1787	6760
1788	16444
1791	58
	
	
1795	4346
1796	6516
1797	6366
	
	
1799	416
1800	23629
1802	516
1805	17218
1806	6864
1807	825
1808	391
1809	8248
1810	7201
1811	16155
1812	16155
1814	9194
1815	622
1816	19366
1817	12931
1818	17342
1819	21867
1820	8043
1821	4036
1822	7601
1823	7601
1826	19269
1827	4342
1828	18773
	
	
1830	8043
1831	4383
1832	10272
1833	4350
1834	23145
1835	5039
1839	15276
1840	576
1841	3710
1842	9512
1843	6161
1844	7171
1845	7171
1846	7171
1847	53
1848	3947
1849	12925
1850	6975
1851	6975
1852	6975
	
	
	
	
	
	
	
	
1859	11283
1860	516
1861	20745
1862	5342
1863	13962
1864	13962
1865	13962
1866	8043
1867	8043
1868	5709
1870	13962
1871	14915
1872	14915
1873	13962
1874	14915
1875	18560
1876	7582
1878	3655
1879	8032
1880	19267
1881	63
1882	63
1883	1816
1884	13464
1885	63
1886	63
1887	7429
1889	8092
1891	21103
1892	8092
1893	21103
1894	58
1895	65
1896	65
	
	
1898	7087
1899	58
1900	8395
1901	403
1902	19162
1903	5802
	
	
1905	34
1906	19269
1907	11115
1908	11115
1909	6471
	
	
	
	
1912	20489
1913	5039
1914	20949
1915	1378
1916	15278
1917	3350
1918	7866
1919	12708
1920	19269
1921	16736
1922	11115
1923	2934
	
	
	
	
	
	
	
1926	22760
1927	3755
1928	3755
	
	
1930	5039
1931	3710
1932	21229
1933	58
1934	58
1935	65
1936	1340
1937	4786
1938	9068
1939	11082
1941	5010
1942	4480
1943	12325
1944	8126
1945	16814
1947	9194
1948	5055
1950	5039
1951	699
	
	
1953	6430
1954	15042
1957	14827
1958	5640
1959	13530
1961	8092
1962	15353
1963	3947
1965	23312
1966	2937
1967	13649
1968	9505
1969	20264
1970	834
1971	834
1972	834
1973	83
1974	83
1975	7877
	
	
1977	11227
1979	3947
1980	11047
1981	22639
1982	834
1983	834
1984	834
1985	13730
1986	13730
1987	16155
1989	6760
1990	60
1991	60
1994	22019
1995	4351
1996	4351
1997	5010
1998	22980
	
	
	
	
	
	
	
	
	
	
	
	
	
	
	
	
	
	
	
	
	
2004	4145
2005	4349
2006	23312
2007	4349
2008	23312
2009	4349
2010	4349
2011	4349
2012	8032
	
	
2014	391
2015	21493
2016	2411
2018	16155
2019	1661
	
	
2021	5055
2022	7645
2023	158
2024	23637
2025	5637
2026	23639
2027	5639
2028	1615
2029	16486
2030	16486
2031	4327
2032	10894
2033	21298
2034	4351
2035	68
2036	68
2037	68
2038	5836
2039	18795
2040	20174
2041	22009
2042	13037
2043	13037
2044	13037
2045	17353
2046	7953
2047	5814
	
	
2049	13962
2050	13962
2051	5055
2052	13498
2053	4323
2054	3701
2055	427
2056	427
2057	8389
2058	3250
2059	3250
2060	10570
2061	10570
	
	
2063	16153
2064	16153
2065	1689
2066	4329
2067	22019
2068	22019
	
	
	
	
	
	
	
2072	1622
	
	
2074	5055
2075	22009
2076	427
2077	427
2078	10971
2079	2292
2080	7953
2081	13609
2082	22019
2083	9068
2084	10454
2085	12778
2086	21854
	
	
	
	
	
2089	21876
	
	
2091	21854
2092	3194
2093	9115
2094	9115
2095	9115
2096	15297
2097	15297
2098	15297
2099	6471
	
	
	
	
2102	431
	
	
	
	
2105	7087
2106	9046
2107	8123
2108	23624
2109	23020
	
	
2111	5055
	
	
	
2113	7591
2114	18364
2115	9286
	
	
	
2117	5708
	
	
2119	4215
2120	5039
2121	5039
2122	5039
2123	10541
2124	23570
2125	1437
2126	430
2127	430
	
	
2129	13269
2130	5039
2131	5039
2132	5039
2133	5039
2134	4343
2135	6273
2136	9112
2137	9286
2138	13037
2139	13037
2140	16155
2141	17035
2142	10798
	
	
2144	1344
2145	961
2146	961
2147	940
2148	13
2149	2826
2150	1615
2151	10945
2152	13114
2153	11044
2154	11044
2155	9112
2156	9112
2157	21867
2158	8406
2159	12744
	
	
2161	9500
2162	18566
2163	18566
2164	9489
2165	13037
2166	18357
2167	7579
2168	7579
2171	4343
2172	4349
2173	3656
2174	21958
2175	21488
2176	9098
2178	17432
2179	23652
2180	403
2181	4351
2182	3341
2183	20670
2184	390
2185	82
2187	5039
2188	22795
2189	5039
2190	18247
2192	4349
2193	17409
2194	22010
2195	4366
2196	13121
	
	
2199	24206
2200	18764
2201	8172
2202	2303
2203	3250
2204	3983
2205	19440
2206	5039
2207	8403
2208	12617
	
	
2210	13
2212	4349
2213	13730
2214	19160
2215	994
2216	5569
2217	387
2218	458
2219	16133
2220	18364
	
	
2222	9615
2223	3369
2224	274
	
	
2226	7567
2227	3947
2228	3947
2229	3947
2231	5599
2232	4351
2233	15472
2234	636
2235	17028
2236	23312
2237	5039
2238	3273
2239	13670
2240	13101
2241	16133
2242	16154
2243	8123
2244	23600
2246	63
2248	9565
2250	8407
2251	18432
2252	17447
2253	8170
2256	22988
2257	7166
2258	5039
2259	11121
2261	5039
2263	469
2264	3947
2265	16270
2266	3273
2267	19043
2269	4349
2270	48
2273	18901
2274	21490
2275	21490
2276	8395
2278	6455
2279	17432
2280	7557
2281	4350
2282	4351
2283	4350
2284	8407
2285	575
2286	3250
2287	18364
2288	18364
2289	18364
2290	18364
2291	18364
2292	18364
2293	18364
2294	18364
2295	18364
2296	18364
2297	18364
2298	18364
2299	18364
2300	18364
2301	18364
2302	18364
2303	18364
2304	18364
2305	18364
2306	18364
2307	18364
2308	18364
2309	19487
2310	3340
2311	2934
	
	
2313	9063
2314	387
2315	387
2316	3357
2317	13730
2318	5709
2319	9030
2320	7575
2321	16133
	
	
2323	6359
2324	58
2325	354
	
	
2327	3185
2328	18404
2329	8403
	
	
	
	
	
	
	
	
	
	
2333	64
2334	20264
	
	
2336	2813
2337	1396
2338	1164
	
	
	
	
	
	
	
	
2340	7582
2341	8398
2342	7598
2343	7598
2344	7009
2345	6843
2346	9500
2347	9500
2348	7562
2350	4343
2351	4351
2352	4352
2353	20806
2354	20806
2355	4351
2356	5039
2357	6533
2358	5039
2359	21790
2360	3853
2361	13358
2362	15335
2363	3250
2367	18566
2368	5039
2370	4351
2371	4349
2372	5820
2373	4351
2374	63
2375	22019
2376	13513
2377	3185
2378	3250
2379	4349
	
	
	
	
	
	
	
	
	
2381	4343
2382	5039
2383	22019
2384	5096
2385	5039
2386	5039
2387	3185
	
	
	
	
	
	
	
	
2389	4351
2390	22532
2391	5039
2392	5039
2393	13699
2395	3185
2396	23560
2397	13962
2398	23280
2399	4349
	
	
	
	
	
	
	
	
	
	
	
	
	
	
2402	19217
2403	5040
2404	16849
2405	581
2406	427
2407	4352
	
	
2409	4349
2410	4199
2411	5039
2412	8565
2413	16154
2414	12298
2415	1615
2416	391
2418	8032
	
	
2420	3185
2421	6470
	
	
2423	19444
2424	3185
2425	5039
2426	3250
2427	4351
2428	3644
2429	20908
2430	12741
2432	6975
2433	1662
	
	
2435	48
2436	48
2437	48
2438	403
2440	1179
2441	8416
2442	16154
2443	13959
2444	13959
2445	13959
2446	13959
	
	
2448	7171
2449	16761
2450	22495
2451	9705
	
	
2453	1832
2454	23627
2455	431
	
	
2457	19488
2458	9046
2459	4346
	
	
2462	21863
2463	21863
2464	7579
2465	4527
2466	6851
2467	3341
2468	17170
2469	391
2470	19444
2471	13464
2472	510
2474	9115
2475	7601
2476	8249
2477	3343
2478	8403
2479	7602
	
	
	
	
2481	4328
2483	4328
2484	4328
2485	8525
2486	8525
2487	9079
2488	9079
2489	9115
2490	9115
2491	9115
2492	16486
2493	1573
2494	20643
2495	13664
2496	1542
	
	
2498	4421
2499	4421
2500	4354
	
	
2502	4354
2503	13498
2504	21352
2505	21823
2506	13631
	
	
	
	
	
2508	9525
2509	10239
2510	8123
	
	
2512	7601
2513	7953
2514	1185
	
	
	
	
	
2517	8020
2518	9615
2519	13613
2520	20970
2521	13530
2522	13325
	
	
2524	3355
2525	3355
2526	3355
2527	2875
2528	942
2529	598
2530	17142
	
	
2532	21143
2533	58
2534	159
2535	5164
2536	68
2537	5336
2538	2283
2539	15620
2540	10575
	
	
2542	13962
2543	21947
2544	5055
	
	
2546	3340
2547	16744
2548	16154
2549	10104
2550	5084
2551	6472
2552	15547
2553	19175
2554	5708
2556	19162
2558	14915
2559	403
2560	11283
2561	21896
2562	5640
2564	5593
2565	9095
2566	20424
2567	159
	
	
2569	10225
2570	23545
2571	4376
2572	4376
2573	6850
2574	22009
2575	20908
2576	2283
2577	9740
2578	20806
	
	
2580	656
2581	2928
2583	13730
2584	58
2585	16155
2586	58
2587	58
2588	11110
2589	59
2590	22010
2591	1003
2592	825
2593	20806
2594	1162
2595	66
2596	3250
2597	6909
2598	6909
2600	23280
2601	58
2602	9030
2603	4351
2604	10909
2605	2285
2606	2285
2607	2285
2608	2285
2609	20908
2610	7579
2611	7579
2612	3857
2613	15278
2614	3342
2616	10239
2617	21818
2618	5054
2619	22010
2620	6975
2621	3273
2622	3273
2623	1340
2624	17432
2625	7636
2626	59
2627	4376
2628	7598
2629	7171
2630	13670
2632	83
2634	6840
2635	20869
2636	5708
2638	16823
2640	7049
2641	3351
2644	1436
2645	2446
2646	22503
2647	22503
2648	22503
2649	18795
2650	18795
	
	
	
2652	5342
2653	23625
	
	
2655	4230
2656	9118
2657	9145
2658	414
2659	598
2660	1162
2661	602
2662	16061
2663	9116
2664	10575
	
	
2666	15297
2667	15839
2668	20454
	
	
2670	11044
2671	5708
2672	23279
	
	
2674	5630
2675	48
2676	48
2677	6847
2678	7578
2679	13961
2680	16382
	
	
2682	1573
2683	17111
2684	13664
2685	6845
2686	2284
2687	3349
2688	6821
2689	4227
2690	2138
2691	2138
2692	21863
2693	7592
2694	9336
2695	2722
2696	58
2697	35
2698	35
2699	14915
2700	21857
2701	83
2702	83
2703	83
2704	83
2705	83
2706	581
2707	7109
2708	7786
2709	6560
2710	10802
	
	
2712	13261
2713	13307
2714	13307
2715	13307
2716	15606
	
	
	
	
2719	2199
2720	21876
2721	5055
2722	5708
2723	8526
2724	18357
	
	
2726	9490
2727	13959
2728	5599
2729	48
2730	48
2731	48
2732	48
2733	48
2734	48
2735	48
2736	48
2737	48
2738	4763
2739	15335
2740	15335
2741	19197
2742	23600
2743	3349
2744	12703
	
	
	
	
	
	
	
	
2749	12325
2750	6858
2751	9758
	
	
2753	20643
2754	20643
2755	4326
2756	13959
2757	13959
2758	13959
2759	17142
2760	9167
2761	7598
2762	7598
2763	17334
2764	11194
2765	9553
2766	9553
2767	9553
2768	68
2769	2285
2770	2285
2771	67
2772	58
2773	2285
2774	2285
2775	23279
2776	23279
2777	9112
2778	3755
2779	19197
2780	13324
2781	9615
2782	21103
2783	7583
2784	14972
2785	4791
2786	21329
2787	403
2788	403
2789	1626
2790	1626
2791	5834
2792	19267
2793	19267
2794	19267
2795	19440
2796	4366
2797	5816
2798	7377
2799	9110
2800	22795
2801	3185
2802	3185
2803	22503
2804	14990
2805	18404
2806	6373
2807	4366
2808	13664
2809	15823
2810	2283
2811	4334
2812	19450
2813	8077
2814	4764
	
	
2816	2138
2817	20864
2819	18404
2820	19396
2821	9543
2822	13045
2823	82
2824	12957
2825	4351
2826	19115
	
	
2828	5599
	
	
2830	7655
2831	6471
2832	6471
	
	
	
	
2835	3948
2836	7195
	
	
	
	
2839	4987
2840	3948
2841	15620
	
	
2843	2973
2844	19180
2845	20806
2846	1179
2847	387
2848	9029
2849	13246
2850	3349
2851	3349
2852	8123
2853	16223
2854	63
2856	65
2857	65
2858	65
2859	3913
2860	8395
2861	12325
2862	3698
2863	22498
2864	12708
	
	
2866	4350
2867	9052
2868	19181
2869	8398
2870	8399
2871	8399
2872	2007
2873	390
2874	5639
2875	5639
2876	13618
2877	13618
2878	21885
	
	
2880	2138
2881	7987
2882	9145
2883	9145
2884	1164
2885	16447
2886	9549
2887	6838
2888	4132
2889	23020
	
	
2891	1164
2892	4346
2893	4346
2894	4346
2895	4346
2896	11103
2897	13290
2898	6560
	
	
2900	19160
2901	20643
2902	7598
2903	5055
2904	2285
2905	2302
2906	2302
2907	3948
2908	7579
2909	18247
2910	17695
2911	159
2912	7583
2913	7583
2914	23545
2915	15373
2916	16495
2917	6374
2918	15373
2919	15373
2920	15373
2921	5065
2922	51
2923	13220
2924	9286
2925	11931
2926	4326
2927	5809
2928	4810
2929	15898
2930	13730
2931	13730
2932	13730
	
	
2934	2352
2935	19267
2936	19267
	
	
2938	23012
2939	6838
2940	347
2941	19487
2942	19487
2943	23020
2944	14873
2945	11283
2946	6953
	
	
2948	511
	
	
2950	66
2951	66
2952	5342
2953	5342
2954	2600
	
	
2956	12741
2957	12741
2958	13961
2959	23600
2960	22366
2961	4541
2962	5829
2963	5829
2964	5640
2965	19089
2966	16665
	
	
2968	5039
	
	
	
	
2971	18558
2972	6267
2973	19445
2974	5636
2975	13959
2976	13959
2977	13959
2978	7598
2979	7598
2980	16104
2981	16736
	
	
2983	19090
	
	
	
2985	15298
2986	9835
	
	
2988	1309
	
	
2990	16750
2991	22726
2992	20764
2993	20363
2994	13080
2995	18560
2996	3351
2997	6833
2998	4951
2999	15372
3000	15898
3001	6173
3003	13305
3004	13305
3005	21114
3006	19267
3007	13305
	
	
3009	9615
3010	19492
3011	19487
3012	19487
3013	2252
3014	4490
3015	10579
3016	6173
3017	6173
3018	69
3019	3185
3020	3185
	
	
3022	13619
3023	16047
	
	
3025	11275
3026	11275
	
	
3028	9341
3029	4141
3030	18247
3032	12403
3033	5636
3034	3352
3035	6519
3036	387
3037	2496
3038	20264
3039	2298
3040	20806
	
	
3042	20159
3043	389
	
	
3045	17338
3046	21160
	
	
	
	
3049	5566
3050	1340
3051	48
3052	6847
3053	12678
3054	516
3055	13730
3056	5643
3057	5637
3059	10406
	
	
3062	7860
3063	9202
3064	5056
3065	431
3066	21191
3067	17361
3068	5376
3069	14967
3070	19268
3071	6392
3072	19487
3074	10971
3075	8123
3076	8123
3077	19109
3078	6267
3079	3947
3080	3947
3081	3947
3082	20961
3084	8525
3086	4038
3087	15319
3088	15319
3089	10971
3090	12311
3091	5055
3092	275
3093	16133
3094	8379
3095	727
3096	17114
3097	4806
3098	15319
3099	17605
3100	7817
3102	15588
3103	13618
3104	58
3105	58
3106	8120
3107	3738
3108	4328
3109	4327
3110	4327
3111	4328
3112	4328
3113	4328
3114	35
3115	3347
3116	13618
3117	13618
3120	16800
3121	14972
3122	427
3123	19647
3124	19450
3125	4324
3128	59
3129	6267
3130	16430
3131	583
3132	583
3133	583
3134	583
3135	8397
3136	583
3137	583
	
	
3140	23212
3142	13619
3143	13619
3144	19175
3146	18800
3148	272
3149	5055
	
	
	
	
3152	35
3153	4354
3154	7573
3155	22019
3156	48
3157	7832
3158	1492
3162	9439
3163	15054
3164	5011
3165	9351
3166	17334
3167	956
3168	956
3170	16512
3172	23637
3173	23637
3175	23584
3176	19443
3177	19443
3178	3948
3179	7987
3180	3929
3181	19444
3183	16082
3184	23280
3186	2493
	
	
3188	163
	
	
3192	4334
3194	13629
3195	5055
3196	752
3197	7086
3198	23992
3199	19495
3200	4327
3201	8248
3202	18249
3203	5540
3205	16004
3206	4036
3207	653
3208	5096
3209	5096
3210	5096
3211	83
3212	83
3213	83
3214	12618
3215	19178
3216	19178
3217	19178
3218	16150
3219	16150
3220	6173
3221	496
3222	15373
3223	15350
3224	6975
3225	6975
3226	20960
3227	20960
3228	20960
3229	20960
3233	19443
3234	5056
3235	5054
3236	5054
3237	13849
3238	10702
3239	17438
3240	17437
3241	403
3242	5040
	
	
3245	12748
	
	
3247	3250
3248	4352
3249	4352
3250	4352
3251	4352
3252	4352
3253	4352
3254	4352
3255	4352
3256	4352
3257	4352
3258	15588
3259	8240
	
	
	
	
3262	20217
3263	4366
3264	13615
3265	15588
3266	15588
3267	20643
3268	19443
3269	19443
3271	19492
3272	6920
3273	15277
3274	2442
3275	5746
3276	15770
3277	83
3278	83
3279	83
3280	83
	
	
3282	936
3283	936
3284	19177
3285	9831
3286	9831
	
	
3288	5055
3289	5055
3290	5055
3291	752
3292	21854
3294	1722
3295	8126
3296	10217
3297	14907
3298	6975
	
	
	
	
	
	
	
	
	
	
	
	
3303	5540
3304	3346
3305	18404
3306	18404
3307	18404
3308	18404
3309	18404
3310	16761
3311	19178
3312	15831
3313	7598
3314	7598
3315	21233
3316	21233
3317	2857
	
	
3319	2290
3320	2290
3321	63
3322	496
3323	20173
3324	607
3325	4334
	
	
3328	21490
3329	8395
3332	6833
3333	20842
	
	
3335	19508
3336	5039
3337	299
3339	312
3340	3972
3341	1033
3342	63
	
	
3344	63
3345	13664
3347	4811
3348	5039
3349	21530
3350	2681
3351	5708
3352	12343
3353	165
3355	4346
3356	18365
3357	62
	
	
3362	392
3363	392
3365	2494
3366	12748
3367	12748
3368	12748
3369	9525
3370	4352
	
	
3372	13305
3373	977
3374	19443
3375	58
3376	3947
3377	6269
3378	22997
3379	22997
3380	18359
3381	4351
3382	4351
3383	4352
3384	4352
3385	4352
3386	4352
3387	4352
3388	4352
3389	4352
3390	4352
3391	4352
3392	4352
3393	4352
3394	4366
	
	
3396	22997
3397	13301
	
	
3400	19146
3401	19146
3402	6858
3403	6858
	
	
	
3406	4343
3407	4343
3408	4343
3409	4343
3410	4343
3411	4343
3412	4343
3413	4343
3414	4343
3415	4346
3416	4349
3417	48
3418	1852
3419	8531
3420	17437
3421	22019
3422	22019
3424	3285
3425	9512
3426	64
3427	22795
3428	11287
	
	
3430	1622
	
	
3432	22795
3433	23279
3434	22795
	
	
	
	
	
3436	956
	
	
3438	8575
3439	8575
3440	2679
3441	7953
3444	15373
3445	4348
3446	4351
	
	
3448	16112
3449	5357
3450	3348
	
	
3453	14831
3454	4445
3457	23312
3458	599
3459	38
3460	58
	
	
	
	
	
	
	
	
3463	1615
3464	1615
3465	18364
3466	18364
3467	7166
3468	7166
3469	12284
3471	6975
3472	6975
	
	
3474	428
3475	16376
3477	19487
3478	19487
3479	4348
3480	21153
3481	11493
3484	5039
3485	5039
3486	15450
3487	11082
3488	13609
3489	13609
3490	733
3491	13221
3495	2669
3496	2703
3497	12384
3499	16001
	
	
3502	835
3503	16001
3504	22986
3507	8564
3508	7109
3509	20311
3510	20311
3512	4036
3513	5040
3514	7591
3515	733
3517	13629
3519	982
3520	16156
3521	16155
3522	7049
3523	19443
3524	2703
3525	2703
3529	19443
3530	6379
3531	8113
3532	8113
3533	8113
3537	11283
3538	13619
3539	13619
3543	11283
3544	516
	
	
	
	
3547	5591
3548	5708
3549	5709
3550	9112
3551	20626
3552	23280
3553	23280
3554	23280
3555	23280
3556	23280
	
	
3559	8491
	
	
3561	4355
3562	2363
3563	13423
	
	
	
	
	
	
	
	
	
3565	8021
3566	6457
	
	
3568	6457
3569	6457
3570	6359
3571	4141
	
	
3573	17360
3574	17360
3575	17360
3576	21335
	
	
3578	3972
3579	3972
3580	4376
3581	4376
3582	4376
3583	4376
3584	9084
3585	21854
3586	21854
	
	
	
	
	
	
3589	16708
	
	
3591	4305
3592	21868
3593	21868
3594	5206
3595	83
3596	8575
3597	83
3598	83
3599	12620
3600	19421
3601	19421
3602	20806
3603	6285
3604	6285
3605	8025
3606	8031
3607	16495
	
	
3609	16142
3611	7860
	
	
	
	
3614	16706
3615	18357
	
	
3619	8031
3620	939
3621	12621
3622	5814
	
	
3624	19171
3625	19171
3626	19171
3627	9225
3628	21367
3629	4346
3630	18903
3631	12747
3632	469
3633	10541
3634	469
	
	
3636	17361
3637	20264
3638	23828
3639	4346
3640	8123
3641	8123
3642	8123
3643	8123
3644	8123
3645	8123
3646	9043
3647	9043
3648	5636
3649	5636
3650	5636
3651	5636
3652	5636
	
	
	
3654	9043
3655	5096
	
	
	
	
	
	
3658	48
3659	4469
3660	1162
3661	2875
3662	3185
3663	9096
3664	17361
3665	16761
3666	16761
3667	6843
3668	83
3669	12820
3670	12820
3671	23656
3672	23656
3673	5056
3674	5056
3675	5056
3676	19270
3677	5829
3678	16814
3679	3341
3681	10541
3682	17065
3683	2744
3684	13629
3685	7627
3686	2352
3687	4346
	
	
	
	
3690	21877
3691	4346
3692	4346
	
	
3694	19160
	
	
3696	4346
	
	
3698	499
3699	19160
3700	575
3701	4346
3703	1179
3704	9615
3705	18572
3706	4346
3707	23631
3708	19135
3709	19397
3712	19491
3713	8248
3714	8248
	
	
	
	
	
	
	
	
	
3716	19487
3717	4346
3718	585
3719	17432
3720	4346
3721	19397
3722	3545
3723	19135
3724	3250
3725	18640
3726	4716
	
	
	
	
	
	
	
	
	
	
	
	
3729	12322
3730	13
3731	19346
3732	2826
3734	19160
3735	16004
3736	6382
3737	19492
3738	4222
3739	21495
3740	5797
3741	10076
3742	4346
3743	14161
	
	
	
	
	
	
	
	
	
	
	
3746	11283
	
	
3750	58
3751	575
3752	58
3753	58
3754	15297
	
	
3756	58
3757	58
3758	12105
3760	516
3761	3584
3762	4328
3763	12810
3764	4352
	
	
3766	9543
3767	23063
3768	11283
3769	21027
3770	23280
3772	4507
3773	7633
3774	20244
3775	4346
3776	3995
3777	19440
3778	19160
3779	4346
3781	4346
3782	7645
3783	21854
3784	9500
3785	3250
3786	9740
	
	
3788	8413
	
	
3790	17334
3791	17334
3792	17334
3793	17334
3794	17334
3795	17334
3796	19655
3797	19143
3798	19143
3799	19143
3800	19143
3801	19143
3802	19143
3803	19143
3804	19143
3805	19143
3806	19143
3807	4199
3808	13507
3809	4352
3810	5039
3811	4351
3812	4366
3813	3250
3814	4351
3815	5039
3816	4349
3817	5820
3818	19443
3819	19443
3820	13699
3821	4349
3822	8043
3823	4352
3824	7166
3825	6975
3826	10945
3827	15593
3828	16318
3829	6802
3830	875
	
	
3832	17328
	
	
	
	
	
	
	
	
	
	
	
	
	
	
3835	13618
3836	13618
3837	13618
3838	7627
	
	
3840	5056
3841	15463
3842	19487
3843	5344
3844	16154
3845	19270
3846	19270
3847	4527
3848	4366
3849	6975
3850	10579
	
	
3852	20762
3853	15350
3854	4351
	
	
3856	5599
3857	19274
3858	21554
3859	5638
3860	4351
3861	63
3862	63
3863	63
3864	63
3865	63
3866	4215
	
	
3868	5390
3869	7592
	
	
3871	15461
3872	13699
3873	65
3874	3348
3875	3348
3876	3348
3877	3348
3878	4328
3879	58
3882	7058
3883	19113
3884	4343
3885	17820
	
	
3888	15620
3889	4352
	
	
3891	19655
3892	8123
3893	2291
	
	
3895	9030
	
	
3897	6857
3898	23824
3899	66
3900	66
3901	6735
3902	13702
3903	22498
3904	10879
3905	427
3906	21938
3907	20643
3908	20643
3909	4352
3910	2290
3911	24136
3912	16754
3913	3233
	
	
	
	
	
	
	
	
	
	
	
	
	
3917	7627
3918	5809
3919	21857
	
	
3921	4527
3922	4349
3923	7087
3924	63
3925	4349
3926	4349
3927	5057
3928	7507
3929	8399
3930	982
3931	982
3932	21889
3933	4326
	
	
	
	
3936	4346
3937	5039
	
	
3940	6560
3941	6560
3942	6560
3943	7564
3944	7564
3946	22059
3947	6857
3948	6857
3949	2429
3950	19130
3951	19488
3952	19486
3953	3194
3954	595
3955	7195
3956	65
3957	5829
3958	16754
3959	16433
3960	13959
3961	18359
3962	12744
3963	4343
3964	2300
3965	5569
3966	2382
3967	22019
3968	20908
3969	23020
3970	23020
3972	5056
3973	403
3974	2292
3975	13305
3976	13305
3977	4490
3978	21489
3979	1045
3980	4349
3981	13962
3982	13962
3983	13962
3984	13962
3985	13962
3986	19270
3987	6975
3988	7087
	
	
	
	
3991	2323
3992	19492
3993	8399
3994	18498
3995	23279
3996	7011
3997	58
3998	58
3999	58
4000	22777
4001	2928
4002	19440
4003	19440
4004	3186
4005	3947
4006	10971
4007	1179
4008	22795
4009	4346
4010	3349
4011	3349
4012	13291
4013	8250
4014	8250
4015	4334
4016	19146
4017	19146
	
	
4020	48
4021	5039
4022	6857
4023	2384
4024	7602
4025	66
4026	3273
4027	3273
4028	3273
4029	3273
4030	3273
4031	3273
4032	19150
4033	19490
4034	2290
4035	23931
4036	7171
4037	7171
4038	7171
4039	10523
4040	5708
4041	13962
4042	13962
4043	13962
4044	13962
4045	13962
4046	7171
4047	6430
	
	
4049	7171
4050	12997
4052	13960
4053	13960
	
	
4055	583
4056	1557
4057	21488
4058	21488
4059	10950
4060	66
4061	18359
4062	5065
4063	2193
4064	2193
4065	7136
4066	4195
	
	
	
	
	
	
	
	
	
	
	
4069	9500
	
	
4071	17334
4072	4386
4073	13960
4074	3713
4075	5637
4076	6853
	
	
4078	3273
4079	3913
4080	23587
4081	3631
4082	18558
4083	3027
4084	19421
4085	19444
4086	3357
	
	
4088	21948
4089	4354
4090	8397
4091	8397
4092	13618
4093	13618
4094	13618
4095	4349
	
	
4097	16706
4098	16112
4099	9500
4100	3185
4101	921
4102	18247
4103	3303
4104	19386
4105	17334
4106	15823
4107	1340
4108	403
4109	13962
	
	
4111	13730
4112	6974
4113	19163
4114	19163
4115	19163
4116	19267
4117	4327
4118	21867
4119	4346
4120	3349
4121	17067
	
	
4123	11293
4124	576
4125	19487
	
	
	
4127	19488
4128	19486
4129	21823
4130	19443
4131	48
4132	13618
4133	21352
4134	9195
4135	16760
4136	2287
4137	1309
4138	8092
4139	2245
4140	7987
4141	16155
4142	2429
4143	5803
4144	19443
4145	7987
4147	24491
4148	7832
4149	12855
4150	35
4151	58
4152	1375
4153	11309
4154	4371
4155	4352
4156	653
4157	13290
4158	6449
4159	20492
4160	1003
4161	4422
4162	18688
4163	5819
4164	12325
4165	5039
4166	5039
4167	20811
4169	13649
4170	3584
4171	22019
4172	17334
4174	469
4175	20949
4176	7635
	
	
4178	6276
4179	3250
4180	3250
4181	3250
4182	3250
4183	3250
4184	3250
4185	3250
4186	3250
4187	3250
4188	3250
4189	3250
4190	3250
4191	3250
4192	3250
4193	3250
4194	3250
4195	3250
4196	7166
4197	7166
4198	22019
4199	7166
4200	7166
4201	7166
4202	7166
4203	7582
4204	19443
4205	308
4206	11194
4207	19443
4208	959
4209	21352
4210	23313
4211	4224
	
	
4213	8260
4214	21352
4215	4351
	
	
	
	
	
	
	
	
	
	
	
4219	18566
4220	18569
4221	16092
4222	1747
4223	15350
	
	
4225	83
4226	5039
4227	4349
4228	16112
	
	
4230	5039
4231	18566
4232	18566
4233	21153
4234	16746
4235	16155
4236	16155
4237	16155
4238	16155
4239	16155
4240	4147
4241	7009
4242	9202
4243	5829
4244	13629
4245	7653
4246	83
4247	83
4248	22988
	
	
	
	
	
	
	
	
	
	
	
	
	
	
	
	
	
	
	
	
	
	
	
	
	
	
	
	
	
	
	
	
	
	
	
	
4253	58
4254	58
4255	58
4256	58
4257	63
4258	63
4259	63
4260	64
4261	64
4262	64
4263	64
4264	65
4265	66
4266	66
4267	48
4268	48
4269	48
4270	48
4271	51
4272	51
4273	52
4274	57
4275	3369
4276	3369
4277	3369
4278	3369
4279	19486
4280	19486
4281	19486
4282	19486
4283	19486
4284	19487
4285	19487
4286	19487
4287	19487
4288	19487
4289	19487
4290	19487
4291	19487
4292	19487
4293	19487
4294	19487
4295	19487
4296	19487
4297	19487
4298	19488
4299	19488
4300	19179
4301	19180
4302	35
4303	21876
4304	13221
	
	
4307	13959
4308	9078
4309	13959
	
	
4312	7171
4314	2298
4315	18498
4316	159
4317	19459
4319	4349
	
	
	
4322	6317
	
	
	
	
4325	21854
4326	21854
4327	19444
4328	9078
4329	82
4330	3702
4331	16153
4332	16153
4333	16153
4334	16948
	
	
	
	
	
4336	24108
4337	1615
4338	8403
4340	13037
4342	5055
4344	75
4346	308
4347	22010
4348	158
4349	158
4350	22997
4351	3355
	
	
	
4353	19493
4354	19073
	
	
4358	20893
4359	19269
4360	9116
4361	158
4362	24108
4363	158
4364	158
4365	158
4367	2446
4368	19150
4370	13730
4371	158
4372	158
4373	19487
4374	4153
4375	21867
4377	1090
4378	20745
4379	999
4380	1269
4382	20676
4384	22726
4385	8569
4387	23600
4388	510
4389	7011
4391	4243
4392	953
4393	499
	
	
4396	10972
4397	6204
4398	15620
4399	5055
4400	48
4402	20908
	
	
4404	5336
4405	22019
	
	
4407	22997
	
	
	
	
	
	
	
4415	6847
4416	8251
4417	3584
4418	959
4419	23584
4420	2295
4421	21153
4423	18568
4424	3185
4425	23279
4426	7537
4427	956
4428	1179
4429	21112
4430	5820
4431	3947
4433	5054
4435	4147
4436	1489
4437	23600
	
	
	
	
4440	8399
4441	7276
4442	4346
4443	83
4444	19486
4445	10936
4446	5214
4447	58
4448	4141
4449	22997
4450	19401
4451	4328
4452	22996
4453	22726
4454	5829
4455	5039
4456	83
4457	13037
	
	
4459	7076
4460	22010
	
	
4463	20806
4464	2679
4465	22997
4466	7001
4467	19269
4468	19443
	
	
4470	23282
4471	17432
4472	19443
4473	19160
4474	15465
4475	982
4476	17361
4477	3594
4478	6844
4479	7655
4480	3755
4481	22723
4482	12617
4483	22631
4484	3947
4485	19443
4486	15451
4487	4490
4488	10255
4489	12847
4490	12847
4491	12847
4492	2449
4493	4326
4494	13037
4495	13037
4496	3755
4497	3755
4498	4327
4499	4328
4500	4328
4501	4366
4502	4366
4503	4366
	
	
	
	
4506	24519
4507	24519
4508	4373
4509	4339
4510	4327
	
	
	
	
4513	16761
4514	16761
4515	16761
4516	5055
4517	5055
4518	10255
4519	5599
4520	13959
4521	2875
4523	17361
4524	18359
4525	19274
4526	7557
4527	15350
4528	1620
4529	4262
4530	1340
4531	1340
4532	11840
4533	3929
	
	
4535	3755
4536	1615
4537	13618
4538	3779
4540	4490
4541	7987
4542	21488
4543	5336
4544	13305
	
	
4546	347
4547	8158
4548	8158
4549	6430
4550	59
4551	7639
4552	2875
4553	15461
4554	10814
4555	7171
4556	7171
	
	
4558	3710
4559	48
4561	10239
4562	9145
4565	5332
4566	3945
4567	4507
4568	16814
4569	16451
4570	11275
4571	5390
4572	5390
	
	
4574	7592
4575	8170
4576	23279
4577	23279
4578	22010
4579	494
4580	13617
4581	17697
4582	657
4583	65
4584	65
4585	17816
4586	4326
4588	58
4589	58
4590	67
4591	3194
4592	6760
	
	
	
	
	
4597	19128
4598	1179
4599	1179
4600	16444
4601	3947
4602	3947
4603	64
	
	
4605	19440
4606	2679
4607	20622
4608	3101
4609	4346
4610	8531
4611	8531
4612	4343
4613	4346
4614	24230
4615	15620
4616	4334
4617	15209
4618	2836
4619	24085
4620	3755
4621	19146
4622	19146
4623	9057
4624	416
4625	16153
4626	13959
4627	7564
4628	6840
4629	10129
4630	13962
4631	3273
4632	3273
4633	3273
4634	19481
4635	6975
4636	6975
4638	8271
4640	12708
4641	9069
4642	9069
4644	5065
4645	5054
4646	5708
4647	13962
4648	4676
4649	9564
4650	19269
4651	19269
4652	13730
4653	598
4654	16035
4655	20173
4656	4034
4658	10807
4659	20717
4661	11047
4662	22322
4664	15946
4667	6846
	
	
4669	6908
4671	8402
4672	4351
4673	4351
4674	2496
4675	82
4676	2942
4677	2942
4678	6777
4680	13651
4681	5055
4682	14979
4683	1883
4684	752
4685	19537
4686	6392
4687	21867
4688	21867
4689	1105
4690	23600
4692	3356
4693	5569
4694	13962
4695	20476
4696	122
4697	7562
4698	20264
4699	357
4701	480
4702	4592
4703	9564
4704	21977
4705	20167
4706	5039
4707	13670
4708	16909
	
	
	
	
4711	13962
4712	20643
4713	8397
4715	19168
4716	2252
4717	9564
4718	13033
4719	21490
4720	21490
4721	4343
4722	4349
	
	
	
	
	
	
	
	
	
	
4728	4366
4729	5708
4730	5709
4731	13033
4732	13033
4733	13033
4734	13033
	
	
4736	575
4737	2494
	
	
4739	9564
4740	19432
4741	432
4742	13962
4743	16451
4744	6904
4745	23493
4746	17508
4747	3654
4748	7564
4749	9029
4750	21857
4751	4352
4752	4352
4753	21490
4754	18248
4755	14990
4756	14990
4757	14990
4758	14990
4759	4352
4760	4352
4761	4352
	
	
4763	2384
4764	4343
4765	4343
4766	3350
4767	494
4768	494
4769	13962
	
	
	
	
	
4772	4037
	
	
4774	13959
4775	5637
4776	938
4777	938
4778	5821
4779	5821
4780	938
4781	1336
4782	13962
4784	13962
4785	19175
4786	956
4787	3350
4788	8397
4789	496
4790	16402
4792	13962
4793	496
4794	13221
4796	9514
4797	427
	
	
4799	1661
4800	20451
4801	13962
4802	16761
4803	16761
4804	13962
4805	16761
4806	16761
4807	961
4808	2292
4809	13959
4810	5027
4811	4353
4812	4351
4813	1615
4814	4445
4815	2875
4816	5054
4817	4352
4818	13959
4819	5266
4820	19030
4821	5263
4822	15461
4823	13962
4824	8397
4825	13962
4826	4351
4827	13962
	
	
	
	
	
	
	
	
	
	
4832	20754
	
	
4834	5039
4835	16383
4836	13962
4837	4349
4838	13631
4839	20754
4840	20756
4841	13962
4842	427
4843	2444
4844	3350
4845	15461
4846	19175
4847	10997
4848	21854
4849	19440
4850	4349
4851	9078
4852	5039
4853	19440
4854	5039
4855	19440
4856	9078
4857	19487
4858	4349
4859	875
4860	3350
4861	4366
4862	19432
4863	2437
4864	13962
4865	13619
	
	
4867	3350
4868	10143
4870	5039
4871	23312
4872	13962
4873	19487
4874	4366
4875	19160
4876	4421
4877	4349
4878	4366
4879	4349
4880	5039
4881	21854
4882	7647
4883	5039
4884	13037
4885	10997
4886	19135
4887	5039
4888	2175
4889	17170
4890	19487
	
	
4892	19487
4893	11763
4894	4328
4895	4343
4897	5039
4898	15461
4899	22019
4900	4351
4901	19487
4902	66
4903	17170
4905	341
	
	
4907	4343
4908	4328
4909	5039
4910	13962
	
	
4912	5039
4913	7941
4914	23312
4915	4366
4916	4349
4917	11309
4918	13962
4919	122
4920	13037
4921	4351
4923	4352
4924	5039
4925	4349
4926	9042
4927	1615
4928	2437
4929	19089
4930	12600
4931	3350
4932	4352
4933	13962
4934	13959
4935	4366
4937	16653
4938	13051
4939	19444
4940	4343
4941	18574
4942	4349
4943	18574
4944	15461
4945	4366
	
	
4947	21938
4948	21938
4949	21938
4950	21491
4951	21491
	
	
4954	20173
4955	3755
4956	4351
4957	20331
	
	
4959	21112
4960	23441
4961	20331
	
	
4963	7590
4965	20948
	
	
4967	20898
4968	4349
4969	15350
4970	4343
	
	
4973	16760
4974	16760
4975	2437
4976	11309
4977	13959
4978	4349
4979	19487
4980	13962
4982	4346
	
	
4984	21510
	
	
	
4987	9602
4988	22954
	
	
4990	3623
4991	18793
4992	9514
4993	15546
4994	83
4995	3194
4996	3194
4997	8172
4998	3350
4999	18498
5000	13962
5001	5814
5002	4349
5004	5039
5005	9512
5006	22954
5007	9341
5008	10217
5009	4583
5010	3475
5011	4352
5012	12347
5013	19160
5014	4351
5015	19487
5016	4343
5017	479
5018	5600
5019	4349
5020	19197
5021	13962
5022	5812
5023	13962
5024	15276
5025	3755
5026	3755
5028	13962
	
	
5031	4047
	
	
5036	17431
5037	5039
5038	19488
5039	5820
5040	5820
5041	5820
5042	13291
5043	5820
	
	
5046	20453
5047	10810
5048	2875
5049	8123
5050	2875
5051	5821
5052	5039
	
	
5054	4343
5055	4343
5057	7377
5058	13962
5059	22723
5060	10810
5061	21954
5062	7086
5063	24085
5064	214
	
	
	
	
5067	3349
5068	3349
5069	13962
5070	18795
5071	8123
5072	8123
5073	13962
5074	13962
5075	21857
5076	15831
5077	7542
5078	18775
	
	
5080	18775
5081	18775
5082	13291
5084	8123
5085	4349
5086	13962
5087	18703
5088	22997
5089	936
5090	4073
5091	4968
5092	595
5093	4349
	
	
5095	10279
5096	4343
5097	12346
5098	5039
5099	6728
5101	13498
5102	13
5103	2290
5104	6509
5105	4352
	
	
5107	1677
5108	22986
5109	5039
	
	
5111	429
5113	5039
5114	5039
5115	5039
5117	13962
5119	17005
5120	4786
5121	6504
5122	1662
5123	13629
5124	834
5125	834
5126	834
5127	834
5128	834
5129	834
5130	834
5131	834
5132	834
5133	834
5134	10865
5135	13629
5136	1102
5137	17170
5138	1344
5141	585
5142	8564
5143	3437
5144	9078
5145	9078
5146	3350
5147	24429
5148	7267
5149	19160
5150	2315
5151	23531
5152	19291
5153	3460
5154	22997
5155	22997
5157	22009
5160	8442
5161	13962
5162	24475
5163	4367
5164	14990
5165	16762
5166	18357
5167	575
	
	
5169	13962
	
	
5171	3755
5172	3755
5173	5055
5174	5055
5175	5055
5176	5056
5177	19160
5178	3106
5179	8389
5180	8390
5181	8395
5182	8395
5183	8395
5184	8395
5185	8395
5186	8397
5187	13962
5188	595
5189	19443
5190	19443
5191	21352
5192	21352
5193	3350
5194	18364
5195	5065
5196	13962
5197	3228
5198	4354
	
	
5200	4349
5201	4343
5202	18357
	
	
5204	15276
5205	13962
5206	2864
5207	12489
5208	22980
	
	
	
	
	
	
	
	
5210	20960
5211	7627
5212	13962
5213	15588
5214	8401
5215	8402
5216	1003
5217	13962
5219	3644
5220	19480
5222	17104
5223	7171
5224	7598
5225	7598
5226	15089
5228	3106
5229	3350
5230	13962
5232	20351
5233	13960
5234	13960
5235	9029
5237	3356
5238	12282
5240	1293
5241	21260
5242	13962
5243	4138
5245	13962
	
	
5247	3352
5248	22954
5249	3350
5250	3348
5251	21924
5252	3489
5253	5639
5255	6760
5257	17168
5258	23649
	
	
	
5260	16821
5261	13962
5262	10217
	
	
5264	19105
5265	9525
5266	939
5267	5360
5268	5336
5269	3779
5271	19426
5273	1620
5274	20908
5276	16169
5277	387
	
	
5279	13962
5280	21867
5281	21867
5284	13962
5285	4349
5286	9512
5288	20643
5290	22954
5291	8395
5292	22997
5293	22997
5294	22997
5296	6975
5297	22954
5298	20887
	
	
5300	16103
5301	6840
5302	939
5303	6454
5305	4350
5306	6455
5308	5039
5309	13959
5310	3350
	
	
5313	9089
5314	22955
5315	4490
	
	
5318	2875
5319	3913
5320	7574
5322	936
5324	5570
	
	
	
	
	
	
	
	
5326	1620
5327	601
	
	
	
	
5329	13962
5330	20908
	
	
5333	19426
5334	16447
5335	13670
5336	17429
5337	13297
5338	20760
5339	4841
5341	20908
5342	5569
5343	5950
	
	
	
	
5347	5039
5348	3929
5349	18569
5350	20666
5351	938
5352	1626
5353	13962
5354	6904
5355	9512
	
	
	
	
	
	
	
	
	
	
	
	
5358	940
5359	3350
5360	8400
5361	8391
5362	4366
5363	8569
5364	403
5365	13962
5366	4366
5367	16155
5368	13618
	
	
	
	
5371	13959
5372	18566
5373	8401
5374	11121
5375	11121
5376	940
5377	4367
5378	13959
	
	
5380	3350
	
	
5382	8400
5383	8400
5384	8400
	
	
5386	390
5387	13962
5388	387
5389	22989
5391	9079
5392	8085
5393	19160
5394	9510
5396	3350
5398	104
5399	5336
5400	22997
5401	12855
5402	83
5403	387
5404	5054
5406	2193
5407	20806
5408	6457
5409	17494
5410	10217
5411	20806
5412	347
5413	6838
5415	6838
5416	9043
5417	16761
5418	9121
5419	5643
5420	23280
	
	
5424	19167
5425	2984
5426	13962
5427	3617
	
	
5429	22019
5430	16154
5431	7195
5433	21857
5434	3350
5435	10945
5436	3644
5438	940
5440	19160
5441	6888
5442	23641
5444	20898
5445	163
5446	13702
5448	10718
5449	7598
5450	48
5451	3710
5452	7171
5453	4366
5454	13307
5457	48
5458	48
5459	3341
5460	21113
5461	7171
5463	5660
5466	7171
5468	871
5469	5011
5471	392
5472	4036
5473	6975
5475	13960
5476	3706
5477	494
5478	6975
5479	4036
	
	
5481	7086
5482	23280
5483	23280
	
	
5485	4326
5486	4326
5487	14916
5490	13960
5491	8032
5492	15278
5493	13960
5494	7582
5495	21260
5496	19269
5497	7001
5498	69
5499	19269
5500	12343
5501	16729
5502	16103
5503	6802
5504	4346
5505	3273
5506	494
5507	63
5508	3194
5509	4351
5510	19270
5511	16155
5512	5390
5513	3273
5514	3273
5515	4346
	
	
	
	
5519	8399
5520	9852
5521	20384
5522	1661
5523	14979
5524	21458
5525	13262
5526	752
5527	7267
5528	5055
	
	
	
	
5531	5342
5532	5342
5533	5055
5535	5055
5536	14915
	
	
5539	8564
5540	15547
	
	
5542	4469
5543	16888
5544	13740
5545	19167
5546	4351
5549	7171
5550	21160
5551	21160
5552	4469
5553	5176
5554	8429
5555	3185
	
	
5558	19036
5559	3348
5561	9051
	
	
5563	63
5564	3357
5565	6729
5566	17035
5569	5775
5570	3186
5571	2290
5572	21857
5573	7087
5574	19440
5575	60
5576	23312
	
	
5578	18247
5579	10570
5581	1179
5583	64
5584	22505
5585	19444
5586	21867
5587	16796
5588	2285
5589	19167
5590	21867
5591	21867
5593	21867
5594	18795
5595	7598
5597	4346
5598	1626
5600	8531
	
	
	
5602	2283
5603	4346
5604	4328
5605	4328
5606	4328
5607	20754
5608	23312
5609	5039
5610	5039
5611	5039
5612	5039
5613	5039
5614	5039
5615	5039
5616	5039
5617	5039
5618	5039
5619	4352
5620	4352
5621	4352
5622	4352
5623	4352
5624	4352
5625	4352
5626	4352
5627	4352
5628	4352
5629	4343
	
	
	
	
	
	
	
	
	
	
	
	
5632	13618
5633	13618
5634	18247
5635	4342
5636	4349
5637	83
5638	22019
5639	22019
5640	22019
5641	22019
5642	22019
5643	19160
5644	48
	
	
5646	4366
5647	4366
5648	13037
5649	13037
5650	6821
5651	22019
5652	309
5653	4349
5654	4351
5655	4351
5656	4351
5657	19487
5658	4343
5659	2855
5660	4343
5662	10913
5663	214
5664	17153
5665	9361
5666	13961
5667	5039
5668	15335
5670	4326
5671	18364
5672	7166
5673	7166
5675	21924
5676	22421
	
	
5678	9489
5679	20717
5680	2929
	
	
	
	
5683	13701
5684	4259
	
	
5686	399
	
	
5688	2285
5689	5039
5690	23663
	
	
5692	6158
5693	4326
5694	9831
5695	4344
5696	22010
5697	982
5699	12720
5700	3369
5701	4352
5702	4352
5703	19488
5704	23279
5705	982
5706	7817
5707	2285
5709	65
5710	19270
5711	11145
5712	19090
5713	20184
5714	65
5716	3948
5717	64
5719	17334
5720	5342
5721	23531
5722	5739
5723	387
5724	9561
5726	5590
5727	8225
	
	
	
5730	20908
5732	13962
5734	275
5735	62
5736	4706
5737	6430
	
	
	
	
5740	22997
5741	16009
5742	4716
5743	4036
	
	
	
	
5747	3947
5748	64
5749	13229
	
	
5752	3755
5753	15620
5754	583
	
	
	
	
5757	5096
5758	2295
	
	
5760	8402
5761	4324
5762	14853
5763	22997
5764	22997
5765	22997
5767	22019
5768	2193
5769	4352
5771	3250
5772	1615
5773	4352
5775	3250
5776	13210
5777	4352
5778	3250
5779	8123
	
	
	
	
5783	19270
	
	
5785	4986
5786	3250
5788	17353
5789	7645
5790	21352
5792	5039
5793	5039
5794	4352
5795	4351
5796	4326
5797	4352
	
	
5799	4349
	
	
5802	4351
	
	
5804	19486
5805	5039
	
	
5807	3250
5808	21793
5809	22019
5810	20756
5811	4351
5812	4352
5813	13619
5814	19260
5816	6470
5817	5640
5818	6470
5819	20756
5820	4249
5821	13948
5822	9089
5823	14990
	
	
5826	5039
5827	7011
5828	3914
5829	11283
5830	4352
	
	
5832	5820
5833	3584
5834	16745
5835	4351
5836	4352
5837	5039
5838	16745
5839	510
5840	3250
5841	15241
5843	3250
5844	22019
5845	3250
5846	1615
5847	9564
5848	1340
5849	3947
5850	9194
5851	328
5852	4366
	
	
5854	13742
5855	9553
	
	
5857	18364
5858	3163
	
	
	
	
	
	
	
	
5860	15620
5861	20623
5862	461
5863	20757
	
	
5866	2133
5867	6160
5868	9078
5869	20754
	
	
5871	20960
	
	
5874	4343
5875	5039
	
	
	
	
5877	2285
5878	4064
5880	5569
	
	
	
	
	
5882	3250
5883	391
5884	24429
5885	13221
5886	2993
5887	875
5888	10795
5889	6392
5890	19270
	
	
	
	
	
	
	
	
5892	13959
5894	23605
5895	5039
5896	5096
5897	6904
5898	4352
5900	7015
5901	3250
5902	4349
5903	24108
5904	4343
5905	4352
5906	4351
5907	16155
5908	4351
5909	20756
5911	4351
	
	
5913	9545
5915	4328
5916	9545
5918	18566
5919	403
5920	8402
5921	21896
5922	6166
	
	
5924	4349
5925	9056
5926	5039
5927	14990
5928	4352
5930	4349
5931	4351
5933	13618
5934	4259
5935	16155
5936	1615
5937	16155
5938	24108
5939	20754
	
	
5941	12747
5942	9510
5943	22997
5944	4249
5945	1620
	
	
5947	4352
5948	9615
5949	22997
5950	22997
5951	4351
5952	9615
5953	20757
5954	4351
5955	21876
5956	20754
5957	9510
5959	4351
5960	19196
5961	4343
5962	2292
5963	8085
5964	5646
5965	18364
5966	4352
5967	4352
5968	6857
5969	6857
5970	959
5971	83
5972	83
5973	4351
5975	4249
5976	5040
5977	3250
5978	17494
5979	6204
5980	4349
5981	6457
5984	4351
5985	20384
5986	4351
5987	17494
5989	2292
5990	15350
5991	5054
5992	1615
5993	22019
5994	7987
5995	4343
5996	4352
5997	5630
5998	20806
5999	4351
	
	
6002	4352
6003	21052
6004	1615
6005	3250
6006	4366
6007	2245
6008	19190
6009	4351
6010	4351
6011	4352
6014	13962
6015	4554
6016	4259
6018	20173
6020	2984
6021	7557
6022	2984
6025	427
6026	13962
6027	3250
	
	
	
6029	4351
6030	20756
6031	16154
6032	17353
6033	4343
6034	9056
6035	20893
6036	5039
6037	4352
6039	13962
6040	22019
6041	18821
6042	18708
6043	4366
6044	4343
6045	3185
6046	4349
6047	4422
6048	3250
6049	48
6050	4759
6051	7598
6052	4445
6053	4352
6054	7171
6055	3250
6056	3948
6057	4385
6058	6907
6059	4349
6060	956
6061	15031
6062	10239
6063	5039
6064	7171
6065	7014
6066	7014
6068	7171
6070	48
6071	5039
6072	19272
6073	4351
6074	5592
6075	13960
6076	4351
6077	9557
6078	3250
6079	3237
6080	15893
6082	834
6083	4352
	
	
6085	687
6086	19303
6088	19269
6089	21458
6090	9564
6091	6568
6092	13301
6093	1293
6094	834
6095	22514
6096	3250
6097	19269
6098	15253
6099	3250
6100	6468
	
	
6102	63
6104	4351
6105	4349
6106	21153
6107	2553
	
	
6109	1750
6110	4350
6111	63
	
	
	
	
6115	21153
6116	6760
6117	2446
6119	5515
6120	4352
6122	18566
6123	1662
	
	
6125	18247
6126	5947
6127	13783
6128	10997
6129	8399
	
	
6131	15365
6132	22413
6133	7653
6134	20967
6135	4200
6136	8170
6137	12913
6139	3250
6141	12945
6142	19486
6143	825
6144	15298
	
	
6146	15952
6147	13959
	
	
6149	4804
6150	23279
6151	19488
6152	21885
6153	22019
6154	13962
6155	12996
6156	6454
6157	6454
6158	8395
6159	7856
6160	1811
6161	1437
6163	19114
6164	3233
6165	3250
6166	3250
6168	5039
6169	1661
6170	3536
6171	4490
6172	1661
6173	5709
6174	20843
6176	3250
	
	
6179	19493
6180	3250
6181	18564
6182	8429
6183	6975
6184	6975
6185	6975
	
	
	
	
	
6188	6760
6190	23312
6192	60
6193	58
6194	67
6195	24128
6196	3644
6197	3644
6198	3644
6199	3644
6200	3644
6201	19396
6202	21101
6203	9341
	
	
6206	10971
6207	21867
6208	11047
6209	13290
6211	4811
6213	2934
6214	17816
	
	
6216	4346
6218	8531
6219	4374
6220	8531
6221	15620
6224	15594
6225	12248
6227	24276
	
	
6229	8527
6230	2494
6231	21458
6232	10945
6235	122
6236	122
6237	122
6238	21456
6239	19171
6240	16501
6241	961
6242	66
6243	2875
6244	63
6245	63
6246	63
6247	63
6248	19175
6249	19267
6250	58
6251	595
6252	4259
	
	
6254	3341
6255	3983
6256	19280
6257	16156
6258	4346
6259	4347
6260	4346
6261	4343
6262	4343
6263	4343
6264	4343
6265	4343
6266	4354
6267	4342
6268	3187
6269	3185
6270	3185
6271	403
6272	403
6273	403
6274	15350
6275	15350
6277	69
6278	9318
	
	
	
	
	
	
	
	
	
	
	
6281	23280
6282	23280
6283	23280
6284	23280
6286	22986
6288	5819
6289	20626
6290	19274
6291	17328
6292	274
	
	
6294	20989
6295	8271
6296	8271
6297	9046
6298	13629
	
	
	
	
6301	16103
	
	
6303	16103
6304	16103
6305	16103
6306	16103
6307	16103
6308	20989
	
	
6310	12618
6311	19655
6312	20191
6314	1315
6316	6975
6317	4351
6318	282
6319	48
6320	65
6321	12343
	
	
	
	
6324	7166
6325	7166
6326	15588
	
	
	
	
	
	
	
6328	3305
6329	5640
6330	10574
6331	23234
6332	16001
6333	18366
6334	8389
6335	3947
6336	3947
6337	3947
6338	8379
6340	9057
6341	23280
6342	23545
6343	16653
6344	16155
6345	20908
6346	5113
6347	9112
6348	3352
6349	19175
6350	19269
6351	11267
6352	664
6353	18564
6356	64
	
	
	
	
	
	
	
	
	
	
	
6359	18572
6360	3929
6361	7579
6362	4358
6363	13307
6364	21393
6365	15898
	
	
	
	
	
6369	65
6370	8248
	
	
6372	17004
6373	58
6374	11283
6375	10701
6376	6471
6377	5096
6378	2380
6379	15335
6381	19146
6382	7592
6383	7598
6384	10971
6385	2193
6386	22483
6387	4527
6388	3165
6389	1305
6390	16265
	
	
6392	8026
6393	8028
6394	4334
6395	48
6396	13962
6397	20360
6398	6997
6399	5056
6400	6166
6402	5336
6403	19143
6404	7171
6407	20728
6408	16444
6410	18257
6411	21144
6412	24108
6413	24108
6414	13051
6415	4705
6416	8395
6417	390
6419	5708
6420	5708
6421	13962
6422	13962
	
	
6424	13629
6425	22010
6426	15838
6428	4351
6429	4351
6430	4351
6431	4351
6432	4351
6433	4351
6434	4351
6435	4351
6436	4351
6437	4351
6438	4351
6439	4351
6440	4351
6441	4351
	
	
6443	5820
	
	
6445	2089
6446	4371
6447	22019
6448	22019
6449	5708
6450	5803
6451	2713
6455	16095
6456	59
6457	15465
6458	9559
	
	
6463	22332
6464	23280
6465	12889
6466	13962
6467	13962
6468	1336
6469	10926
6471	8043
6472	6430
6475	13962
6476	13962
6477	17390
6479	8401
6480	66
6481	13613
6482	23963
6483	59
6484	19270
6485	19212
6486	13962
6487	13962
6488	16447
6490	1789
6492	7582
6494	494
6495	5709
6496	5039
6497	5709
6498	13711
6499	8016
6500	9705
6501	10971
6502	4305
6503	9705
	
	
6506	13962
	
	
6508	10926
6509	6888
6511	22773
6512	4352
6513	22724
6515	3357
6516	19090
6517	17437
6518	17437
6519	21889
6520	65
	
	
6522	21885
6523	1437
6524	1437
6528	6454
6529	65
6530	17447
6531	65
6532	65
6533	21885
6535	8395
6536	16488
6537	6454
6538	12996
6539	1293
6540	16745
6541	22966
6542	21885
	
	
	
	
	
6545	21925
6547	23441
6548	20836
6549	1662
6550	16153
6551	16153
6553	5056
6554	13960
	
	
6557	21867
6558	7171
6559	8469
6560	1071
6561	8406
6562	20264
	
	
6564	2250
6565	6904
6566	5569
6569	9029
	
	
6571	16686
6572	9143
6573	13619
6575	20989
6577	6984
6578	5056
6579	24108
6580	2298
6581	24108
6582	18556
	
	
6585	4067
6586	66
6587	9545
6588	21027
6589	13670
	
	
	
	
6592	21301
6593	24108
6596	24108
6597	403
6599	21656
6600	4351
6601	1662
6602	3947
6603	64
6604	12298
6605	2852
6606	2852
6607	1714
6608	18232
6609	9034
6610	16444
6611	746
6613	3185
6614	2910
6615	16445
	
	
	
6617	19421
6618	6760
6619	3194
6621	8260
	
	
6623	3178
6625	18247
6626	6760
6627	6760
6628	6760
6629	8094
6630	19075
6631	1047
	
	
6633	13960
6634	5070
6635	19440
6636	4490
6637	1003
6638	83
	
	
	
	
	
	
6642	4349
6643	4349
6644	4349
6645	4349
6646	4352
6647	4366
6648	4351
	
	
	
	
	
	
6652	13756
6653	4352
6654	4366
6655	4366
6656	4352
6657	4351
6658	4346
6659	4346
6660	4349
6661	4349
6662	4352
6663	4352
6664	4352
6665	4352
6666	4352
6667	4352
6668	4352
6669	4352
6670	4366
6671	13037
6672	4346
6673	4352
6674	4352
6675	4352
6676	4352
6677	4368
6678	4368
6679	4351
6680	4351
6681	4351
6682	22969
6683	22969
6684	4352
6685	4352
6686	4352
6687	4351
6688	4352
6689	4352
6690	4352
6691	4346
6692	4346
6693	4346
6694	4351
6695	4328
6696	4365
6697	4349
6698	22975
6699	22975
6700	4352
6701	8015
6702	19444
6703	19444
6704	22969
6705	19487
6706	19487
6707	4352
6708	4368
6709	4368
6710	4366
6711	4343
6712	4343
6713	4343
6714	4343
6715	4343
6716	4343
6717	22969
6718	4352
6719	22969
6720	4343
6721	4343
6722	4343
6723	4376
6724	22019
6725	22019
6726	22019
6727	22019
6728	22019
6729	22019
6730	22019
6731	22019
6732	4349
6733	22969
6734	13037
6735	4349
6736	4351
6737	4351
6738	4343
6739	4349
6740	4343
6741	4351
6742	4328
6743	4328
6744	4328
6745	4328
6746	4328
6747	4352
6748	4368
6749	4368
6750	4366
6751	4368
6752	4351
6753	4349
6754	4352
6755	4352
6756	4328
6757	4346
6758	7643
6759	7643
6760	4349
6761	7655
6762	7655
6763	4352
6764	4352
6765	4346
6766	4346
6767	4346
6768	8016
6769	8016
6770	8016
6771	8016
6772	8016
6773	8016
6774	8016
6775	8016
6776	8016
6777	8016
6778	8016
6779	8016
6780	8016
6781	4352
6782	13756
6783	13756
6784	13756
6785	13756
6786	4349
6787	4352
6788	4352
6789	13756
6790	13756
6791	13033
6792	13033
6793	13033
6794	4376
6795	4350
6796	4350
6797	4350
6798	4350
6799	4352
6800	4351
6801	4349
6802	4343
6803	4352
6804	4352
6805	4352
6806	4352
6807	4346
6808	4350
6809	4351
6810	4368
6811	4352
6812	4366
6813	4369
6814	4369
6815	4346
6816	4346
6817	22976
6818	22976
6819	22976
6820	4352
6821	4352
6822	4352
6823	4352
6824	4352
6825	4349
6826	22976
6827	21490
6828	22019
6829	19160
6830	22019
6831	4368
6832	6471
6833	4349
6834	13037
6835	22019
6836	4352
6837	4366
6838	4366
6839	19487
6840	19487
6841	4354
6842	4354
6843	19487
6844	19487
6845	19487
6846	19487
6847	19487
6848	4349
6849	4346
6850	4352
6851	4349
6852	4366
6853	4343
6854	4343
6855	4343
6856	4343
6857	4343
6858	4343
6859	4343
6860	4343
6861	4343
6862	4343
6863	6821
6864	13037
6865	13037
6866	13037
6867	13037
6868	13037
6869	13037
6870	13037
6871	13037
6872	13037
6873	13037
6874	13037
6875	13037
6876	13037
6877	13037
6878	13037
6879	13037
6880	4343
6881	4343
6882	4343
6883	4343
6884	4343
6885	4343
6886	5039
6887	4349
6888	4346
6889	4351
6890	22978
6891	22978
6892	22978
6893	22978
6894	22978
6895	4352
6896	4349
6897	22988
6898	22988
6899	4346
6900	8015
6901	4352
6902	22019
6903	4351
6904	4349
6905	4351
6906	4351
6907	4349
6908	22975
6909	8032
6910	8015
6911	8015
6912	8015
6913	8015
6914	8032
6915	8028
6916	8026
6917	8032
6918	5039
6919	22019
6920	4351
6921	8015
6922	4352
6923	8032
6924	4327
6925	4327
6926	4346
6927	4351
6928	4349
6929	4349
6930	19160
6931	4343
6932	22980
6933	22980
6934	22980
6935	6821
6936	6821
6937	6821
6938	6821
6939	6821
6940	6821
6941	4349
6942	4352
6943	8032
6944	8032
6945	8032
6946	8032
6947	8032
6948	8032
6949	8032
6950	8032
6951	8032
6952	4352
6953	4352
6954	4349
6955	8015
6956	4328
6957	8015
6958	4352
6959	4352
6960	4352
6961	4352
6962	1615
6963	8032
6964	8032
6965	8026
6966	4343
6967	13037
6968	13037
6969	13037
6970	4352
6971	4351
6972	4352
6973	4352
6974	4352
6975	4352
6976	4352
6977	4349
6978	22979
6979	22019
6980	4352
6981	13037
6982	13037
6983	13037
6984	4352
6985	4352
6986	4352
6987	4352
6988	4349
6989	4349
6990	4328
6991	4366
6992	22969
6993	4352
6994	4346
6995	22981
6996	4351
6997	5599
6998	4351
6999	4351
7000	4349
7001	22997
7002	4352
7003	4352
7004	4349
7005	6821
7006	13037
7007	4328
7008	4366
7009	8014
7010	4346
7011	4349
7012	4352
7013	4352
7014	8015
7015	4368
7016	4343
7017	4349
7018	4352
7019	4365
7020	4351
7021	23312
7022	4349
7023	4349
7024	4349
7025	4349
7026	4351
7027	4351
7028	4351
7029	4351
7030	4351
7031	4351
7032	4351
7033	4351
7034	4351
7035	4351
7036	4351
7037	4351
7038	4351
7039	4351
7040	4351
7041	4351
7042	4351
7043	4349
7044	22019
7045	4354
7046	4354
7047	4352
7048	4352
7049	4352
7050	4354
7051	4352
7052	4352
7053	4352
7054	4352
7055	4352
7056	4352
7057	4352
7058	4352
7059	4352
7060	4352
7061	4352
7062	4352
7063	4352
7064	4352
7065	4352
7066	4352
7067	4352
7068	4352
7069	4352
7070	4352
7071	4352
7072	4352
7073	4352
7074	4352
7075	4352
7076	4352
7077	4366
7078	4366
7079	4366
7080	4366
7081	4366
7082	4343
7083	4349
7084	4349
7085	4351
7086	4351
7087	4351
7088	4351
7089	4351
7090	4351
7091	4349
7092	19487
7093	22019
7094	19487
7095	19487
7096	19487
7097	19487
7098	19487
7099	22019
7100	4349
7101	22019
7102	22019
7103	4343
7104	22019
7105	22019
7106	4349
7107	4349
7108	4343
7109	4343
7110	22019
7111	22019
7112	22019
7113	22019
7114	22019
7115	22019
7116	22019
7117	22019
7118	22019
7119	22019
7120	4349
7121	22019
7122	22019
7123	22019
7124	22019
7125	22019
7126	22019
7127	4351
7128	4349
7129	4349
7130	4349
7131	4349
7132	22019
7133	22019
7134	4352
7135	4352
7136	4352
7137	4352
7138	4352
7139	4352
7140	4352
7141	4352
7142	4352
7143	4352
7144	4352
7145	4352
7146	22019
7147	4366
7148	4366
7149	4366
7150	4352
7151	4366
7152	4366
7153	4366
7154	4366
7155	4366
7156	4366
7157	4366
7158	4366
7159	4366
7160	4366
7161	4366
7162	4346
7163	4346
7164	4349
7165	4366
7166	4366
7167	4352
7168	4346
7169	4327
7170	4328
7171	4328
7172	4327
7173	65
7174	22019
7175	13037
7176	22019
7177	4351
7178	4351
7179	4351
7180	4351
7181	4351
7182	4351
7183	4366
7184	4366
7185	4366
7186	4366
7187	8015
7188	4365
7189	48
7190	8015
7191	8032
7192	4343
7193	13037
7194	8015
7195	8015
7196	8015
7197	8015
7198	8015
7199	8015
7200	8016
7201	8014
7202	13037
7203	8016
7204	8016
7205	4352
7206	8015
7207	8014
7208	8016
7209	8028
7210	8015
7211	8014
7212	8015
7213	8015
7214	8016
7215	6821
7216	6821
7217	6821
7218	6821
7219	8014
7220	8015
7221	8015
7222	8014
7223	8015
7224	8032
7225	8032
7226	8016
7227	8028
7228	8024
7229	8032
7230	8024
7231	8032
7232	8032
7233	8026
7234	8028
7235	22019
7236	4349
7237	22019
7238	4365
7239	22019
7240	8028
7241	8014
7242	8015
7243	8014
7244	8014
7245	8014
7246	8015
7247	8032
7248	8016
7249	8028
7250	8015
7251	8015
7252	8015
7253	8014
7254	8014
7255	8014
7256	8015
7257	8015
7258	8015
7259	8014
7260	8015
7261	8014
7262	8014
7263	8015
7264	8015
7265	8014
7266	5039
7267	8016
7268	8016
7269	4349
7270	13037
7271	13037
7272	8014
7273	8032
7274	8024
7275	8032
7276	8015
7277	8015
7278	8015
7279	8016
7280	13037
7281	8015
7282	8032
7283	22019
7284	8014
7285	8014
7286	8024
7287	4349
7288	8032
7289	8014
7290	8015
7291	8015
7292	8015
7293	8028
7294	8015
7295	8015
7296	8032
7297	8015
7298	8016
7299	8015
7300	4328
7301	5039
7302	8026
7303	8015
7304	4351
7305	8026
7306	8015
7307	8015
7308	22989
7309	8028
7310	2875
7311	8028
7312	8028
7313	8028
7314	8016
7315	8015
7316	8016
7317	13033
7318	8014
7319	8032
7320	8028
7321	8034
7322	4349
7323	4352
7324	22019
7325	8032
7326	8014
7327	8032
7328	8014
7329	4259
7330	8032
7331	8014
7332	8028
7333	8032
7334	8032
7335	8028
7336	8015
7337	8015
7338	8015
7339	8015
7340	8015
7341	8036
7342	8016
7343	8014
7344	8015
7345	8015
7346	8036
7347	8028
7348	8024
7349	8032
7350	8024
7351	4354
7352	13037
7353	13037
7354	13037
7355	13037
7356	13037
7357	8015
7358	8015
7359	8015
7360	8015
7361	13037
7362	8015
7363	8015
7364	8015
7365	8015
7366	8032
7367	8032
7368	4343
7369	6821
7370	8016
7371	8016
7372	8016
7373	8016
7374	8016
7375	8015
7376	4351
7377	13033
7378	22969
7379	4354
7380	4354
7381	8034
7382	8015
7383	8032
7384	13037
7385	6821
7386	13037
